tick;corrected_tick;remaining_distance;victim_harm;idle_time_robot;q_table_cps;q_table_cps_runs;q_table_basic;world_nr;tick_nr
3019;3000;11;800;5;;;"                     Move back and forth  Stand Still   Pick up    Drop     Break
[4, 'equal', False]           -12.613125   -18.499000  -8.39625  -4.300 -11.21875
[4, 'equal', True]            -12.060000   -15.630000  -4.91750  -5.600 -13.73120
[4, 'robot', True]            -12.300000   -33.455357 -15.25000 -18.100  -9.46500
[4, 'robot', False]           -12.300000    -9.857814  -3.83250  -6.550 -55.59500
[3, 'robot', True]            -12.600000    -9.012500  -8.60000 -10.200  -2.10000
[3, 'robot', False]            -9.300000   -25.750000 -13.76250  -5.000  -7.04500
[2, 'robot', True]             -4.000000    -3.500000   0.00000   0.000   0.00000
[3, 'equal', False]            -4.000000    -3.500000  -5.34000 -10.000  -7.00000
[2, 'equal', True]              0.000000     0.000000  -2.50000   0.000   0.00000
[2, 'robot', False]           -13.723200   -30.540987 -12.50400  -0.744   0.00000";1;3019
