human_selector_action;human_selector_location;robot_action;robot_location;robot_executing_cp;world_nr;tick_nr
;(3, 4);;(4, 4);False;1;0
;(3, 4);;(4, 4);False;1;1
;(3, 4);Idle;(4, 4);False;1;2
;(3, 4);Idle;(4, 4);False;1;3
;(3, 4);Idle;(4, 4);False;1;4
;(3, 4);Idle;(4, 4);False;1;5
;(3, 4);Idle;(4, 4);False;1;6
;(3, 4);Idle;(4, 4);False;1;7
;(3, 4);Idle;(4, 4);False;1;8
;(3, 4);Idle;(4, 4);False;1;9
;(3, 4);Idle;(4, 4);False;1;10
;(3, 4);Idle;(4, 4);False;1;11
;(3, 4);Idle;(4, 4);False;1;12
;(3, 4);Idle;(4, 4);False;1;13
;(3, 4);Idle;(4, 4);False;1;14
;(3, 4);Idle;(4, 4);False;1;15
;(3, 4);Idle;(4, 4);False;1;16
;(3, 4);Idle;(4, 4);False;1;17
;(3, 4);Idle;(4, 4);False;1;18
;(3, 4);Idle;(4, 4);False;1;19
;(3, 4);Idle;(4, 4);False;1;20
;(3, 4);Idle;(4, 4);False;1;21
;(3, 4);Idle;(4, 4);False;1;22
MoveEast;(4, 4);Idle;(4, 4);False;1;23
;(4, 4);Idle;(4, 4);False;1;24
;(4, 4);Idle;(4, 4);False;1;25
MoveEast;(5, 4);Idle;(4, 4);False;1;26
;(5, 4);Idle;(4, 4);False;1;27
;(5, 4);Idle;(4, 4);False;1;28
MoveEast;(6, 4);Idle;(4, 4);False;1;29
;(6, 4);Idle;(4, 4);False;1;30
;(6, 4);Idle;(4, 4);False;1;31
MoveEast;(7, 4);Idle;(4, 4);False;1;32
;(7, 4);Idle;(4, 4);False;1;33
;(7, 4);Idle;(4, 4);False;1;34
;(7, 4);Idle;(4, 4);False;1;35
MoveEast;(8, 4);Idle;(4, 4);False;1;36
;(8, 4);Idle;(4, 4);False;1;37
;(8, 4);Idle;(4, 4);False;1;38
;(8, 4);Idle;(4, 4);False;1;39
MoveEast;(9, 4);Idle;(4, 4);False;1;40
;(9, 4);Idle;(4, 4);False;1;41
;(9, 4);Idle;(4, 4);False;1;42
;(9, 4);Idle;(4, 4);False;1;43
MoveNorth;(9, 3);Idle;(4, 4);False;1;44
;(9, 3);Idle;(4, 4);False;1;45
;(9, 3);Idle;(4, 4);False;1;46
;(9, 3);Idle;(4, 4);False;1;47
;(9, 3);Idle;(4, 4);False;1;48
;(9, 3);Idle;(4, 4);False;1;49
;(9, 3);Idle;(4, 4);False;1;50
;(9, 3);Idle;(4, 4);False;1;51
;(9, 3);Idle;(4, 4);False;1;52
;(9, 3);Idle;(4, 4);False;1;53
;(9, 3);Idle;(4, 4);False;1;54
;(9, 3);Idle;(4, 4);False;1;55
;(9, 3);Idle;(4, 4);False;1;56
;(9, 3);;(4, 4);False;1;57
;(9, 3);Idle;(4, 4);False;1;58
;(9, 3);Idle;(4, 4);False;1;59
;(9, 3);Idle;(4, 4);False;1;60
;(9, 3);Idle;(4, 4);False;1;61
;(9, 3);Idle;(4, 4);False;1;62
;(9, 3);Idle;(4, 4);False;1;63
;(9, 3);Idle;(4, 4);False;1;64
;(9, 3);Idle;(4, 4);False;1;65
;(9, 3);Idle;(4, 4);False;1;66
;(9, 3);Idle;(4, 4);False;1;67
;(9, 3);Idle;(4, 4);False;1;68
;(9, 3);Idle;(4, 4);False;1;69
;(9, 3);Idle;(4, 4);False;1;70
;(9, 3);Idle;(4, 4);False;1;71
;(9, 3);Idle;(4, 4);False;1;72
;(9, 3);Idle;(4, 4);False;1;73
;(9, 3);Idle;(4, 4);False;1;74
;(9, 3);Idle;(4, 4);False;1;75
MoveWest;(8, 3);Idle;(4, 4);False;1;76
;(8, 3);Idle;(4, 4);False;1;77
;(8, 3);Idle;(4, 4);False;1;78
;(8, 3);Idle;(4, 4);False;1;79
;(8, 3);Idle;(4, 4);False;1;80
;(8, 3);Idle;(4, 4);False;1;81
;(8, 3);Idle;(4, 4);False;1;82
;(8, 3);Idle;(4, 4);False;1;83
MoveEast;(9, 3);Idle;(4, 4);False;1;84
;(9, 3);Idle;(4, 4);False;1;85
;(9, 3);Idle;(4, 4);False;1;86
;(9, 3);Idle;(4, 4);False;1;87
GrabObject;(9, 3);Idle;(4, 4);False;1;88
;(9, 3);Idle;(4, 4);False;1;89
;(9, 3);Idle;(4, 4);False;1;90
;(9, 3);Idle;(4, 4);False;1;91
;(9, 3);Idle;(4, 4);False;1;92
MoveWest;(8, 3);Idle;(4, 4);False;1;93
;(8, 3);Idle;(4, 4);False;1;94
;(8, 3);Idle;(4, 4);False;1;95
;(8, 3);Idle;(4, 4);False;1;96
MoveWest;(7, 3);Idle;(4, 4);False;1;97
;(7, 3);Idle;(4, 4);False;1;98
;(7, 3);Idle;(4, 4);False;1;99
;(7, 3);Idle;(4, 4);False;1;100
MoveWest;(6, 3);Idle;(4, 4);False;1;101
;(6, 3);Idle;(4, 4);False;1;102
;(6, 3);Idle;(4, 4);False;1;103
MoveWest;(5, 3);Idle;(4, 4);False;1;104
;(5, 3);Idle;(4, 4);False;1;105
;(5, 3);Idle;(4, 4);False;1;106
;(5, 3);Idle;(4, 4);False;1;107
MoveWest;(4, 3);Idle;(4, 4);False;1;108
;(4, 3);Idle;(4, 4);False;1;109
;(4, 3);Idle;(4, 4);False;1;110
MoveWest;(3, 3);Idle;(4, 4);False;1;111
;(3, 3);Idle;(4, 4);False;1;112
;(3, 3);;(4, 4);False;1;113
;(3, 3);Idle;(4, 4);False;1;114
;(3, 3);Idle;(4, 4);False;1;115
;(3, 3);Idle;(4, 4);False;1;116
;(3, 3);Idle;(4, 4);False;1;117
;(3, 3);Idle;(4, 4);False;1;118
;(3, 3);Idle;(4, 4);False;1;119
;(3, 3);Idle;(4, 4);False;1;120
;(3, 3);Idle;(4, 4);False;1;121
;(3, 3);Idle;(4, 4);False;1;122
;(3, 3);Idle;(4, 4);False;1;123
;(3, 3);Idle;(4, 4);False;1;124
MoveWest;(2, 3);Idle;(4, 4);False;1;125
;(2, 3);Idle;(4, 4);False;1;126
;(2, 3);Idle;(4, 4);False;1;127
;(2, 3);Idle;(4, 4);False;1;128
;(2, 3);Idle;(4, 4);False;1;129
;(2, 3);Idle;(4, 4);False;1;130
;(2, 3);Idle;(4, 4);False;1;131
;(2, 3);Idle;(4, 4);False;1;132
;(2, 3);Idle;(4, 4);False;1;133
;(2, 3);Idle;(4, 4);False;1;134
;(2, 3);Idle;(4, 4);False;1;135
;(2, 3);Idle;(4, 4);False;1;136
GrabObject;(2, 3);Idle;(4, 4);False;1;137
;(2, 3);Idle;(4, 4);False;1;138
;(2, 3);Idle;(4, 4);False;1;139
;(2, 3);Idle;(4, 4);False;1;140
;(2, 3);Idle;(4, 4);False;1;141
;(2, 3);Idle;(4, 4);False;1;142
MoveEast;(3, 3);Idle;(4, 4);False;1;143
;(3, 3);Idle;(4, 4);False;1;144
;(3, 3);Idle;(4, 4);False;1;145
;(3, 3);Idle;(4, 4);False;1;146
MoveEast;(4, 3);Idle;(4, 4);False;1;147
;(4, 3);Idle;(4, 4);False;1;148
;(4, 3);Idle;(4, 4);False;1;149
MoveEast;(5, 3);Idle;(4, 4);False;1;150
;(5, 3);Idle;(4, 4);False;1;151
;(5, 3);Idle;(4, 4);False;1;152
;(5, 3);Idle;(4, 4);False;1;153
MoveWest;(4, 3);Idle;(4, 4);False;1;154
;(4, 3);Idle;(4, 4);False;1;155
;(4, 3);Idle;(4, 4);False;1;156
;(4, 3);Idle;(4, 4);False;1;157
MoveWest;(3, 3);Idle;(4, 4);False;1;158
;(3, 3);Idle;(4, 4);False;1;159
;(3, 3);Idle;(4, 4);False;1;160
;(3, 3);Idle;(4, 4);False;1;161
MoveWest;(2, 3);Idle;(4, 4);False;1;162
;(2, 3);Idle;(4, 4);False;1;163
;(2, 3);Idle;(4, 4);False;1;164
;(2, 3);Idle;(4, 4);False;1;165
;(2, 3);Idle;(4, 4);False;1;166
;(2, 3);Idle;(4, 4);False;1;167
;(2, 3);Idle;(4, 4);False;1;168
GrabObject;(2, 3);;(4, 4);False;1;169
;(2, 3);Idle;(4, 4);False;1;170
;(2, 3);Idle;(4, 4);False;1;171
;(2, 3);Idle;(4, 4);False;1;172
;(2, 3);Idle;(4, 4);False;1;173
;(2, 3);Idle;(4, 4);False;1;174
;(2, 3);Idle;(4, 4);False;1;175
;(2, 3);Idle;(4, 4);False;1;176
;(2, 3);Idle;(4, 4);False;1;177
;(2, 3);Idle;(4, 4);False;1;178
;(2, 3);Idle;(4, 4);False;1;179
GrabObject;(2, 3);Idle;(4, 4);False;1;180
;(2, 3);Idle;(4, 4);False;1;181
;(2, 3);Idle;(4, 4);False;1;182
;(2, 3);Idle;(4, 4);False;1;183
;(2, 3);Idle;(4, 4);False;1;184
;(2, 3);Idle;(4, 4);False;1;185
;(2, 3);Idle;(4, 4);False;1;186
;(2, 3);Idle;(4, 4);False;1;187
;(2, 3);Idle;(4, 4);False;1;188
;(2, 3);Idle;(4, 4);False;1;189
;(2, 3);Idle;(4, 4);False;1;190
DropObject;(2, 3);Idle;(4, 4);False;1;191
;(2, 3);Idle;(4, 4);False;1;192
;(2, 3);Idle;(4, 4);False;1;193
;(2, 3);Idle;(4, 4);False;1;194
;(2, 3);Idle;(4, 4);False;1;195
;(2, 3);Idle;(4, 4);False;1;196
;(2, 3);Idle;(4, 4);False;1;197
;(2, 3);Idle;(4, 4);False;1;198
;(2, 3);Idle;(4, 4);False;1;199
MoveEast;(3, 3);Idle;(4, 4);False;1;200
;(3, 3);Idle;(4, 4);False;1;201
;(3, 3);Idle;(4, 4);False;1;202
;(3, 3);Idle;(4, 4);False;1;203
MoveEast;(4, 3);Idle;(4, 4);False;1;204
;(4, 3);Idle;(4, 4);False;1;205
;(4, 3);Idle;(4, 4);False;1;206
;(4, 3);Idle;(4, 4);False;1;207
MoveEast;(5, 3);Idle;(4, 4);False;1;208
;(5, 3);Idle;(4, 4);False;1;209
MoveEast;(6, 3);Idle;(4, 4);False;1;210
;(6, 3);Idle;(4, 4);False;1;211
;(6, 3);Idle;(4, 4);False;1;212
;(6, 3);Idle;(4, 4);False;1;213
MoveEast;(7, 3);Idle;(4, 4);False;1;214
;(7, 3);Idle;(4, 4);False;1;215
;(7, 3);Idle;(4, 4);False;1;216
MoveEast;(8, 3);Idle;(4, 4);False;1;217
;(8, 3);Idle;(4, 4);False;1;218
;(8, 3);Idle;(4, 4);False;1;219
MoveEast;(9, 3);Idle;(4, 4);False;1;220
;(9, 3);Idle;(4, 4);False;1;221
;(9, 3);Idle;(4, 4);False;1;222
;(9, 3);Idle;(4, 4);False;1;223
;(9, 3);Idle;(4, 4);False;1;224
MoveEast;(10, 3);;(4, 4);False;1;225
;(10, 3);Idle;(4, 4);False;1;226
;(10, 3);Idle;(4, 4);False;1;227
MoveEast;(11, 3);Idle;(4, 4);False;1;228
;(11, 3);Idle;(4, 4);False;1;229
;(11, 3);Idle;(4, 4);False;1;230
;(11, 3);Idle;(4, 4);False;1;231
;(11, 3);Idle;(4, 4);False;1;232
;(11, 3);Idle;(4, 4);False;1;233
;(11, 3);Idle;(4, 4);False;1;234
MoveSouth;(11, 4);Idle;(4, 4);False;1;235
;(11, 4);Idle;(4, 4);False;1;236
;(11, 4);Idle;(4, 4);False;1;237
;(11, 4);Idle;(4, 4);False;1;238
;(11, 4);Idle;(4, 4);False;1;239
MoveSouth;(11, 5);Idle;(4, 4);False;1;240
;(11, 5);Idle;(4, 4);False;1;241
;(11, 5);Idle;(4, 4);False;1;242
;(11, 5);Idle;(4, 4);False;1;243
;(11, 5);Idle;(4, 4);False;1;244
;(11, 5);Idle;(4, 4);False;1;245
;(11, 5);Idle;(4, 4);False;1;246
;(11, 5);Idle;(4, 4);False;1;247
MoveWest;(10, 5);Idle;(4, 4);False;1;248
;(10, 5);Idle;(4, 4);False;1;249
;(10, 5);Idle;(4, 4);False;1;250
;(10, 5);Idle;(4, 4);False;1;251
;(10, 5);Idle;(4, 4);False;1;252
;(10, 5);Idle;(4, 4);False;1;253
GrabObject;(10, 5);Idle;(4, 4);False;1;254
;(10, 5);Idle;(4, 4);False;1;255
;(10, 5);Idle;(4, 4);False;1;256
;(10, 5);Idle;(4, 4);False;1;257
MoveEast;(11, 5);Idle;(4, 4);False;1;258
;(11, 5);Idle;(4, 4);False;1;259
;(11, 5);Idle;(4, 4);False;1;260
MoveEast;(12, 5);Idle;(4, 4);False;1;261
;(12, 5);Idle;(4, 4);False;1;262
;(12, 5);Idle;(4, 4);False;1;263
MoveEast;(13, 5);Idle;(4, 4);False;1;264
;(13, 5);Idle;(4, 4);False;1;265
;(13, 5);Idle;(4, 4);False;1;266
;(13, 5);Idle;(4, 4);False;1;267
MoveEast;(14, 5);Idle;(4, 4);False;1;268
;(14, 5);Idle;(4, 4);False;1;269
;(14, 5);Idle;(4, 4);False;1;270
MoveEast;(15, 5);Idle;(4, 4);False;1;271
;(15, 5);Idle;(4, 4);False;1;272
;(15, 5);Idle;(4, 4);False;1;273
MoveEast;(16, 5);Idle;(4, 4);False;1;274
;(16, 5);Idle;(4, 4);False;1;275
;(16, 5);Idle;(4, 4);False;1;276
;(16, 5);Idle;(4, 4);False;1;277
;(16, 5);Idle;(4, 4);False;1;278
;(16, 5);Idle;(4, 4);False;1;279
DropObject;(16, 5);Idle;(4, 4);False;1;280
;(16, 5);;(4, 4);False;1;281
;(16, 5);Idle;(4, 4);False;1;282
;(16, 5);Idle;(4, 4);False;1;283
;(16, 5);Idle;(4, 4);False;1;284
;(16, 5);Idle;(4, 4);False;1;285
;(16, 5);Idle;(4, 4);False;1;286
;(16, 5);Idle;(4, 4);False;1;287
;(16, 5);Idle;(4, 4);False;1;288
MoveSouth;(16, 6);Idle;(4, 4);False;1;289
;(16, 6);Idle;(4, 4);False;1;290
;(16, 6);Idle;(4, 4);False;1;291
;(16, 6);Idle;(4, 4);False;1;292
MoveSouth;(16, 7);Idle;(4, 4);False;1;293
;(16, 7);Idle;(4, 4);False;1;294
;(16, 7);Idle;(4, 4);False;1;295
;(16, 7);Idle;(4, 4);False;1;296
;(16, 7);Idle;(4, 4);False;1;297
;(16, 7);Idle;(4, 4);False;1;298
MoveWest;(15, 7);Idle;(4, 4);False;1;299
;(15, 7);Idle;(4, 4);False;1;300
MoveWest;(14, 7);Idle;(4, 4);False;1;301
;(14, 7);Idle;(4, 4);False;1;302
;(14, 7);Idle;(4, 4);False;1;303
;(14, 7);Idle;(4, 4);False;1;304
MoveWest;(13, 7);Idle;(4, 4);False;1;305
;(13, 7);Idle;(4, 4);False;1;306
;(13, 7);Idle;(4, 4);False;1;307
;(13, 7);Idle;(4, 4);False;1;308
MoveWest;(12, 7);Idle;(4, 4);False;1;309
;(12, 7);Idle;(4, 4);False;1;310
;(12, 7);Idle;(4, 4);False;1;311
;(12, 7);Idle;(4, 4);False;1;312
;(12, 7);Idle;(4, 4);False;1;313
;(12, 7);Idle;(4, 4);False;1;314
;(12, 7);Idle;(4, 4);False;1;315
;(12, 7);Idle;(4, 4);False;1;316
;(12, 7);Idle;(4, 4);False;1;317
;(12, 7);Idle;(4, 4);False;1;318
;(12, 7);Idle;(4, 4);False;1;319
;(12, 7);Idle;(4, 4);False;1;320
MoveWest;(11, 7);Idle;(4, 4);False;1;321
;(11, 7);Idle;(4, 4);False;1;322
;(11, 7);Idle;(4, 4);False;1;323
;(11, 7);Idle;(4, 4);False;1;324
;(11, 7);Idle;(4, 4);False;1;325
;(11, 7);Idle;(4, 4);False;1;326
;(11, 7);Idle;(4, 4);False;1;327
;(11, 7);Idle;(4, 4);False;1;328
;(11, 7);Idle;(4, 4);False;1;329
;(11, 7);Idle;(4, 4);False;1;330
GrabObject;(11, 7);Idle;(4, 4);False;1;331
;(11, 7);Idle;(4, 4);False;1;332
;(11, 7);Idle;(4, 4);False;1;333
;(11, 7);Idle;(4, 4);False;1;334
MoveEast;(12, 7);Idle;(4, 4);False;1;335
;(12, 7);Idle;(4, 4);False;1;336
;(12, 7);;(4, 4);False;1;337
;(12, 7);Idle;(4, 4);False;1;338
MoveEast;(13, 7);Idle;(4, 4);False;1;339
;(13, 7);Idle;(4, 4);False;1;340
;(13, 7);Idle;(4, 4);False;1;341
;(13, 7);Idle;(4, 4);False;1;342
MoveSouth;(13, 8);Idle;(4, 4);False;1;343
;(13, 8);Idle;(4, 4);False;1;344
;(13, 8);Idle;(4, 4);False;1;345
;(13, 8);Idle;(4, 4);False;1;346
MoveSouth;(13, 9);Idle;(4, 4);False;1;347
;(13, 9);Idle;(4, 4);False;1;348
;(13, 9);Idle;(4, 4);False;1;349
;(13, 9);Idle;(4, 4);False;1;350
;(13, 9);Idle;(4, 4);False;1;351
;(13, 9);Idle;(4, 4);False;1;352
MoveWest;(12, 9);Idle;(4, 4);False;1;353
;(12, 9);Idle;(4, 4);False;1;354
;(12, 9);Idle;(4, 4);False;1;355
;(12, 9);Idle;(4, 4);False;1;356
;(12, 9);Idle;(4, 4);False;1;357
;(12, 9);Idle;(4, 4);False;1;358
MoveWest;(11, 9);Idle;(4, 4);False;1;359
;(11, 9);Idle;(4, 4);False;1;360
;(11, 9);Idle;(4, 4);False;1;361
;(11, 9);Idle;(4, 4);False;1;362
;(11, 9);Idle;(4, 4);False;1;363
;(11, 9);Idle;(4, 4);False;1;364
;(11, 9);Idle;(4, 4);False;1;365
;(11, 9);Idle;(4, 4);False;1;366
MoveSouth;(11, 10);Idle;(4, 4);False;1;367
;(11, 10);Idle;(4, 4);False;1;368
;(11, 10);Idle;(4, 4);False;1;369
;(11, 10);Idle;(4, 4);False;1;370
;(11, 10);Idle;(4, 4);False;1;371
;(11, 10);Idle;(4, 4);False;1;372
;(11, 10);Idle;(4, 4);False;1;373
;(11, 10);Idle;(4, 4);False;1;374
;(11, 10);Idle;(4, 4);False;1;375
DropObject;(11, 10);Idle;(4, 4);False;1;376
;(11, 10);Idle;(4, 4);False;1;377
;(11, 10);Idle;(4, 4);False;1;378
;(11, 10);Idle;(4, 4);False;1;379
;(11, 10);Idle;(4, 4);False;1;380
;(11, 10);Idle;(4, 4);False;1;381
;(11, 10);Idle;(4, 4);False;1;382
;(11, 10);Idle;(4, 4);False;1;383
MoveNorth;(11, 9);Idle;(4, 4);False;1;384
;(11, 9);Idle;(4, 4);False;1;385
;(11, 9);Idle;(4, 4);False;1;386
;(11, 9);Idle;(4, 4);False;1;387
MoveNorth;(11, 8);Idle;(4, 4);False;1;388
;(11, 8);Idle;(4, 4);False;1;389
;(11, 8);Idle;(4, 4);False;1;390
;(11, 8);Idle;(4, 4);False;1;391
MoveNorth;(11, 7);Idle;(4, 4);False;1;392
;(11, 7);;(4, 4);False;1;393
;(11, 7);Idle;(4, 4);False;1;394
;(11, 7);Idle;(4, 4);False;1;395
;(11, 7);Idle;(4, 4);False;1;396
;(11, 7);Idle;(4, 4);False;1;397
;(11, 7);Idle;(4, 4);False;1;398
;(11, 7);Idle;(4, 4);False;1;399
;(11, 7);Idle;(4, 4);False;1;400
;(11, 7);Idle;(4, 4);False;1;401
GrabObject;(11, 7);Idle;(4, 4);False;1;402
;(11, 7);Idle;(4, 4);False;1;403
;(11, 7);Idle;(4, 4);False;1;404
;(11, 7);Idle;(4, 4);False;1;405
MoveSouth;(11, 8);Idle;(4, 4);False;1;406
;(11, 8);Idle;(4, 4);False;1;407
;(11, 8);Idle;(4, 4);False;1;408
;(11, 8);Idle;(4, 4);False;1;409
MoveSouth;(11, 9);Idle;(4, 4);False;1;410
;(11, 9);Idle;(4, 4);False;1;411
;(11, 9);Idle;(4, 4);False;1;412
;(11, 9);Idle;(4, 4);False;1;413
MoveSouth;(11, 10);Idle;(4, 4);False;1;414
;(11, 10);Idle;(4, 4);False;1;415
;(11, 10);Idle;(4, 4);False;1;416
;(11, 10);Idle;(4, 4);False;1;417
;(11, 10);Idle;(4, 4);False;1;418
;(11, 10);Idle;(4, 4);False;1;419
DropObject;(11, 10);Idle;(4, 4);False;1;420
;(11, 10);Idle;(4, 4);False;1;421
;(11, 10);Idle;(4, 4);False;1;422
;(11, 10);Idle;(4, 4);False;1;423
;(11, 10);Idle;(4, 4);False;1;424
;(11, 10);Idle;(4, 4);False;1;425
;(11, 10);Idle;(4, 4);False;1;426
;(11, 10);Idle;(4, 4);False;1;427
;(11, 10);Idle;(4, 4);False;1;428
;(11, 10);Idle;(4, 4);False;1;429
;(11, 10);Idle;(4, 4);False;1;430
;(11, 10);Idle;(4, 4);False;1;431
;(11, 10);Idle;(4, 4);False;1;432
;(11, 10);Idle;(4, 4);False;1;433
;(11, 10);Idle;(4, 4);False;1;434
;(11, 10);Idle;(4, 4);False;1;435
;(11, 10);Idle;(4, 4);False;1;436
;(11, 10);Idle;(4, 4);False;1;437
;(11, 10);Idle;(4, 4);False;1;438
;(11, 10);Idle;(4, 4);False;1;439
GrabObject;(11, 10);Idle;(4, 4);False;1;440
;(11, 10);Idle;(4, 4);False;1;441
;(11, 10);Idle;(4, 4);False;1;442
;(11, 10);Idle;(4, 4);False;1;443
;(11, 10);Idle;(4, 4);False;1;444
;(11, 10);Idle;(4, 4);False;1;445
;(11, 10);Idle;(4, 4);False;1;446
;(11, 10);Idle;(4, 4);False;1;447
;(11, 10);Idle;(4, 4);False;1;448
;(11, 10);;(4, 4);False;1;449
MoveNorth;(11, 9);MoveSouthEast;(4, 4);False;1;450
;(11, 9);MoveSouthEast;(4, 4);False;1;451
;(11, 9);MoveSouthEast;(4, 4);False;1;452
;(11, 9);MoveSouthEast;(4, 4);False;1;453
;(11, 9);MoveSouthEast;(4, 4);False;1;454
;(11, 9);MoveSouthEast;(4, 4);False;1;455
;(11, 9);MoveSouthEast;(4, 4);False;1;456
;(11, 9);MoveSouthEast;(4, 4);False;1;457
;(11, 9);MoveSouthEast;(4, 4);False;1;458
;(11, 9);MoveSouthEast;(4, 4);False;1;459
DropObject;(11, 9);MoveSouthEast;(5, 5);False;1;460
;(11, 9);MoveEast;(5, 5);False;1;461
;(11, 9);MoveEast;(5, 5);False;1;462
;(11, 9);MoveEast;(5, 5);False;1;463
;(11, 9);MoveEast;(5, 5);False;1;464
;(11, 9);MoveEast;(5, 5);False;1;465
;(11, 9);MoveEast;(5, 5);False;1;466
;(11, 9);MoveEast;(5, 5);False;1;467
;(11, 9);MoveEast;(5, 5);False;1;468
;(11, 9);MoveEast;(5, 5);False;1;469
;(11, 9);MoveEast;(5, 5);False;1;470
;(11, 9);MoveEast;(6, 5);False;1;471
;(11, 9);MoveSouthEast;(6, 5);False;1;472
MoveNorth;(11, 8);MoveSouthEast;(6, 5);False;1;473
;(11, 8);MoveSouthEast;(6, 5);False;1;474
;(11, 8);MoveSouthEast;(6, 5);False;1;475
;(11, 8);MoveSouthEast;(6, 5);False;1;476
MoveNorth;(11, 7);MoveSouthEast;(6, 5);False;1;477
;(11, 7);MoveSouthEast;(6, 5);False;1;478
;(11, 7);MoveSouthEast;(6, 5);False;1;479
;(11, 7);MoveSouthEast;(6, 5);False;1;480
;(11, 7);MoveSouthEast;(6, 5);False;1;481
;(11, 7);MoveSouthEast;(7, 6);False;1;482
;(11, 7);MoveSouthEast;(7, 6);False;1;483
;(11, 7);MoveSouthEast;(7, 6);False;1;484
;(11, 7);MoveSouthEast;(7, 6);False;1;485
MoveEast;(12, 7);MoveSouthEast;(7, 6);False;1;486
;(12, 7);MoveSouthEast;(7, 6);False;1;487
;(12, 7);MoveSouthEast;(7, 6);False;1;488
;(12, 7);MoveSouthEast;(7, 6);False;1;489
;(12, 7);MoveSouthEast;(7, 6);False;1;490
;(12, 7);MoveSouthEast;(7, 6);False;1;491
;(12, 7);MoveSouthEast;(7, 6);False;1;492
GrabObject;(12, 7);MoveSouthEast;(8, 7);False;1;493
;(12, 7);MoveEast;(8, 7);False;1;494
;(12, 7);MoveEast;(8, 7);False;1;495
;(12, 7);MoveEast;(8, 7);False;1;496
;(12, 7);MoveEast;(8, 7);False;1;497
;(12, 7);MoveEast;(8, 7);False;1;498
MoveWest;(11, 7);MoveEast;(8, 7);False;1;499
;(11, 7);MoveEast;(8, 7);False;1;500
;(11, 7);MoveEast;(8, 7);False;1;501
;(11, 7);MoveEast;(8, 7);False;1;502
;(11, 7);MoveEast;(8, 7);False;1;503
;(11, 7);MoveEast;(9, 7);False;1;504
MoveWest;(10, 7);MoveSouthEast;(9, 7);False;1;505
;(10, 7);MoveSouthEast;(9, 7);False;1;506
;(10, 7);MoveSouthEast;(9, 7);False;1;507
;(10, 7);MoveSouthEast;(9, 7);False;1;508
;(10, 7);MoveSouthEast;(9, 7);False;1;509
;(10, 7);MoveSouthEast;(9, 7);False;1;510
;(10, 7);MoveSouthEast;(9, 7);False;1;511
;(10, 7);MoveSouthEast;(9, 7);False;1;512
;(10, 7);MoveSouthEast;(9, 7);False;1;513
;(10, 7);MoveSouthEast;(9, 7);False;1;514
;(10, 7);MoveSouthEast;(10, 8);False;1;515
;(10, 7);GrabLargeObject;(10, 8);False;1;516
;(10, 7);GrabLargeObject;(10, 8);False;1;517
;(10, 7);GrabLargeObject;(10, 8);False;1;518
MoveSouth;(10, 8);GrabLargeObject;(10, 8);False;1;519
;(10, 8);GrabLargeObject;(10, 8);False;1;520
;(10, 8);GrabLargeObject;(10, 8);False;1;521
;(10, 8);GrabLargeObject;(10, 8);False;1;522
;(10, 8);GrabLargeObject;(10, 8);False;1;523
;(10, 8);GrabLargeObject;(10, 8);False;1;524
;(10, 8);GrabLargeObject;(10, 8);False;1;525
;(10, 8);GrabLargeObject;(10, 8);False;1;526
;(10, 8);;(10, 8);False;1;527
;(10, 8);Idle;(10, 8);False;1;528
;(10, 8);Idle;(10, 8);False;1;529
;(10, 8);Idle;(10, 8);False;1;530
MoveSouth;(10, 9);Idle;(10, 8);False;1;531
;(10, 9);Idle;(10, 8);False;1;532
;(10, 9);Idle;(10, 8);False;1;533
;(10, 9);Idle;(10, 8);False;1;534
;(10, 9);Idle;(10, 8);False;1;535
;(10, 9);Idle;(10, 8);False;1;536
;(10, 9);Idle;(10, 8);False;1;537
;(10, 9);Idle;(10, 8);False;1;538
;(10, 9);Idle;(10, 8);False;1;539
;(10, 9);Idle;(10, 8);False;1;540
;(10, 9);Idle;(10, 8);False;1;541
;(10, 9);Idle;(10, 8);False;1;542
;(10, 9);Idle;(10, 8);False;1;543
;(10, 9);Idle;(10, 8);False;1;544
;(10, 9);Idle;(10, 8);False;1;545
;(10, 9);Idle;(10, 8);False;1;546
;(10, 9);Idle;(10, 8);False;1;547
;(10, 9);Idle;(10, 8);False;1;548
;(10, 9);Idle;(10, 8);False;1;549
;(10, 9);Idle;(10, 8);False;1;550
;(10, 9);Idle;(10, 8);False;1;551
;(10, 9);Idle;(10, 8);False;1;552
;(10, 9);Idle;(10, 8);False;1;553
MoveWest;(9, 9);Idle;(10, 8);False;1;554
;(9, 9);Idle;(10, 8);False;1;555
;(9, 9);Idle;(10, 8);False;1;556
;(9, 9);Idle;(10, 8);False;1;557
;(9, 9);Idle;(10, 8);False;1;558
MoveSouth;(9, 10);Idle;(10, 8);False;1;559
;(9, 10);Idle;(10, 8);False;1;560
;(9, 10);Idle;(10, 8);False;1;561
;(9, 10);Idle;(10, 8);False;1;562
;(9, 10);Idle;(10, 8);False;1;563
;(9, 10);Idle;(10, 8);False;1;564
;(9, 10);Idle;(10, 8);False;1;565
;(9, 10);Idle;(10, 8);False;1;566
;(9, 10);Idle;(10, 8);False;1;567
;(9, 10);Idle;(10, 8);False;1;568
MoveEast;(10, 10);Idle;(10, 8);False;1;569
;(10, 10);Idle;(10, 8);False;1;570
;(10, 10);Idle;(10, 8);False;1;571
;(10, 10);Idle;(10, 8);False;1;572
;(10, 10);Idle;(10, 8);False;1;573
;(10, 10);Idle;(10, 8);False;1;574
;(10, 10);Idle;(10, 8);False;1;575
GrabObject;(10, 10);Idle;(10, 8);False;1;576
;(10, 10);Idle;(10, 8);False;1;577
;(10, 10);Idle;(10, 8);False;1;578
;(10, 10);Idle;(10, 8);False;1;579
;(10, 10);Idle;(10, 8);False;1;580
;(10, 10);Idle;(10, 8);False;1;581
;(10, 10);Idle;(10, 8);False;1;582
;(10, 10);;(10, 8);False;1;583
MoveWest;(9, 10);Idle;(10, 8);False;1;584
;(9, 10);Idle;(10, 8);False;1;585
;(9, 10);Idle;(10, 8);False;1;586
;(9, 10);Idle;(10, 8);False;1;587
MoveWest;(8, 10);Idle;(10, 8);False;1;588
;(8, 10);Idle;(10, 8);False;1;589
;(8, 10);Idle;(10, 8);False;1;590
;(8, 10);Idle;(10, 8);False;1;591
;(8, 10);Idle;(10, 8);False;1;592
;(8, 10);Idle;(10, 8);False;1;593
;(8, 10);Idle;(10, 8);False;1;594
;(8, 10);Idle;(10, 8);False;1;595
MoveEast;(9, 10);Idle;(10, 8);False;1;596
;(9, 10);Idle;(10, 8);False;1;597
;(9, 10);Idle;(10, 8);False;1;598
;(9, 10);Idle;(10, 8);False;1;599
MoveEast;(10, 10);Idle;(10, 8);False;1;600
;(10, 10);Idle;(10, 8);False;1;601
;(10, 10);Idle;(10, 8);False;1;602
;(10, 10);Idle;(10, 8);False;1;603
;(10, 10);Idle;(10, 8);False;1;604
;(10, 10);Idle;(10, 8);False;1;605
;(10, 10);Idle;(10, 8);False;1;606
;(10, 10);Idle;(10, 8);False;1;607
DropObject;(10, 10);Idle;(10, 8);False;1;608
;(10, 10);Idle;(10, 8);False;1;609
;(10, 10);Idle;(10, 8);False;1;610
;(10, 10);Idle;(10, 8);False;1;611
;(10, 10);Idle;(10, 8);False;1;612
;(10, 10);Idle;(10, 8);False;1;613
;(10, 10);Idle;(10, 8);False;1;614
;(10, 10);Idle;(10, 8);False;1;615
;(10, 10);Idle;(10, 8);False;1;616
;(10, 10);Idle;(10, 8);False;1;617
MoveWest;(9, 10);Idle;(10, 8);False;1;618
;(9, 10);Idle;(10, 8);False;1;619
;(9, 10);Idle;(10, 8);False;1;620
;(9, 10);Idle;(10, 8);False;1;621
MoveWest;(8, 10);Idle;(10, 8);False;1;622
;(8, 10);Idle;(10, 8);False;1;623
;(8, 10);Idle;(10, 8);False;1;624
;(8, 10);Idle;(10, 8);False;1;625
MoveWest;(7, 10);Idle;(10, 8);False;1;626
;(7, 10);Idle;(10, 8);False;1;627
;(7, 10);Idle;(10, 8);False;1;628
MoveWest;(6, 10);Idle;(10, 8);False;1;629
;(6, 10);Idle;(10, 8);False;1;630
;(6, 10);Idle;(10, 8);False;1;631
;(6, 10);Idle;(10, 8);False;1;632
MoveNorth;(6, 9);Idle;(10, 8);False;1;633
;(6, 9);Idle;(10, 8);False;1;634
;(6, 9);Idle;(10, 8);False;1;635
;(6, 9);Idle;(10, 8);False;1;636
;(6, 9);Idle;(10, 8);False;1;637
MoveNorth;(6, 8);Idle;(10, 8);False;1;638
;(6, 8);;(10, 8);False;1;639
;(6, 8);Idle;(10, 8);False;1;640
;(6, 8);Idle;(10, 8);False;1;641
;(6, 8);Idle;(10, 8);False;1;642
;(6, 8);Idle;(10, 8);False;1;643
;(6, 8);Idle;(10, 8);False;1;644
;(6, 8);Idle;(10, 8);False;1;645
;(6, 8);Idle;(10, 8);False;1;646
;(6, 8);Idle;(10, 8);False;1;647
;(6, 8);Idle;(10, 8);False;1;648
GrabObject;(6, 8);Idle;(10, 8);False;1;649
;(6, 8);Idle;(10, 8);False;1;650
;(6, 8);Idle;(10, 8);False;1;651
;(6, 8);Idle;(10, 8);False;1;652
;(6, 8);Idle;(10, 8);False;1;653
;(6, 8);Idle;(10, 8);False;1;654
;(6, 8);Idle;(10, 8);False;1;655
;(6, 8);Idle;(10, 8);False;1;656
MoveEast;(7, 8);Idle;(10, 8);False;1;657
;(7, 8);Idle;(10, 8);False;1;658
;(7, 8);Idle;(10, 8);False;1;659
MoveEast;(8, 8);Idle;(10, 8);False;1;660
;(8, 8);Idle;(10, 8);False;1;661
;(8, 8);Idle;(10, 8);False;1;662
;(8, 8);Idle;(10, 8);False;1;663
MoveEast;(9, 8);Idle;(10, 8);False;1;664
;(9, 8);Idle;(10, 8);False;1;665
;(9, 8);Idle;(10, 8);False;1;666
MoveEast;(10, 8);Idle;(10, 8);False;1;667
;(10, 8);Idle;(10, 8);False;1;668
;(10, 8);Idle;(10, 8);False;1;669
;(10, 8);Idle;(10, 8);False;1;670
;(10, 8);Idle;(10, 8);False;1;671
;(10, 8);Idle;(10, 8);False;1;672
;(10, 8);Idle;(10, 8);False;1;673
;(10, 8);Idle;(10, 8);False;1;674
MoveSouth;(10, 9);Idle;(10, 8);False;1;675
;(10, 9);Idle;(10, 8);False;1;676
;(10, 9);Idle;(10, 8);False;1;677
;(10, 9);Idle;(10, 8);False;1;678
;(10, 9);Idle;(10, 8);False;1;679
;(10, 9);Idle;(10, 8);False;1;680
;(10, 9);Idle;(10, 8);False;1;681
;(10, 9);Idle;(10, 8);False;1;682
;(10, 9);Idle;(10, 8);False;1;683
;(10, 9);Idle;(10, 8);False;1;684
;(10, 9);Idle;(10, 8);False;1;685
;(10, 9);Idle;(10, 8);False;1;686
;(10, 9);Idle;(10, 8);False;1;687
;(10, 9);Idle;(10, 8);False;1;688
;(10, 9);Idle;(10, 8);False;1;689
;(10, 9);Idle;(10, 8);False;1;690
;(10, 9);Idle;(10, 8);False;1;691
DropObject;(10, 9);Idle;(10, 8);False;1;692
;(10, 9);Idle;(10, 8);False;1;693
;(10, 9);Idle;(10, 8);False;1;694
;(10, 9);;(10, 8);False;1;695
;(10, 9);MoveWest;(10, 8);False;1;696
;(10, 9);MoveWest;(10, 8);False;1;697
;(10, 9);MoveWest;(10, 8);False;1;698
;(10, 9);MoveWest;(10, 8);False;1;699
;(10, 9);MoveWest;(10, 8);False;1;700
;(10, 9);MoveWest;(10, 8);False;1;701
;(10, 9);MoveWest;(10, 8);False;1;702
;(10, 9);MoveWest;(10, 8);False;1;703
;(10, 9);MoveWest;(10, 8);False;1;704
;(10, 9);MoveWest;(10, 8);False;1;705
;(10, 9);MoveWest;(9, 8);False;1;706
MoveWest;(9, 9);MoveWest;(9, 8);False;1;707
;(9, 9);MoveWest;(9, 8);False;1;708
;(9, 9);MoveWest;(9, 8);False;1;709
;(9, 9);MoveWest;(9, 8);False;1;710
MoveWest;(8, 9);MoveWest;(9, 8);False;1;711
;(8, 9);MoveWest;(9, 8);False;1;712
;(8, 9);MoveWest;(9, 8);False;1;713
;(8, 9);MoveWest;(9, 8);False;1;714
MoveWest;(7, 9);MoveWest;(9, 8);False;1;715
;(7, 9);MoveWest;(9, 8);False;1;716
;(7, 9);MoveWest;(8, 8);False;1;717
;(7, 9);MoveWest;(8, 8);False;1;718
;(7, 9);MoveWest;(8, 8);False;1;719
;(7, 9);MoveWest;(8, 8);False;1;720
;(7, 9);MoveWest;(8, 8);False;1;721
;(7, 9);MoveWest;(8, 8);False;1;722
;(7, 9);MoveWest;(8, 8);False;1;723
;(7, 9);MoveWest;(8, 8);False;1;724
;(7, 9);MoveWest;(8, 8);False;1;725
;(7, 9);MoveWest;(8, 8);False;1;726
;(7, 9);MoveWest;(8, 8);False;1;727
;(7, 9);MoveWest;(7, 8);False;1;728
;(7, 9);MoveWest;(7, 8);False;1;729
;(7, 9);MoveWest;(7, 8);False;1;730
MoveWest;(6, 9);MoveWest;(7, 8);False;1;731
;(6, 9);MoveWest;(7, 8);False;1;732
;(6, 9);MoveWest;(7, 8);False;1;733
;(6, 9);MoveWest;(7, 8);False;1;734
;(6, 9);MoveWest;(7, 8);False;1;735
;(6, 9);MoveWest;(7, 8);False;1;736
;(6, 9);MoveWest;(7, 8);False;1;737
MoveNorth;(6, 8);MoveWest;(7, 8);False;1;738
;(6, 8);MoveWest;(6, 8);False;1;739
;(6, 8);MoveWest;(6, 8);False;1;740
;(6, 8);MoveWest;(6, 8);False;1;741
;(6, 8);MoveWest;(6, 8);False;1;742
MoveNorth;(6, 7);MoveWest;(6, 8);False;1;743
;(6, 7);MoveWest;(6, 8);False;1;744
;(6, 7);MoveWest;(6, 8);False;1;745
;(6, 7);MoveWest;(6, 8);False;1;746
;(6, 7);MoveWest;(6, 8);False;1;747
;(6, 7);MoveWest;(6, 8);False;1;748
;(6, 7);MoveWest;(6, 8);False;1;749
;(6, 7);MoveWest;(5, 8);False;1;750
;(6, 7);MoveWest;(5, 8);False;1;751
;(6, 7);MoveWest;(5, 8);False;1;752
;(6, 7);MoveWest;(5, 8);False;1;753
;(6, 7);MoveWest;(5, 8);False;1;754
;(6, 7);MoveWest;(5, 8);False;1;755
;(6, 7);MoveWest;(5, 8);False;1;756
;(6, 7);MoveWest;(5, 8);False;1;757
;(6, 7);MoveWest;(5, 8);False;1;758
;(6, 7);MoveWest;(5, 8);False;1;759
;(6, 7);MoveWest;(5, 8);False;1;760
;(6, 7);MoveWest;(4, 8);False;1;761
;(6, 7);MoveNorthWest;(4, 8);False;1;762
MoveSouth;(6, 8);MoveNorthWest;(4, 8);False;1;763
;(6, 8);MoveNorthWest;(4, 8);False;1;764
;(6, 8);MoveNorthWest;(4, 8);False;1;765
;(6, 8);MoveNorthWest;(4, 8);False;1;766
;(6, 8);MoveNorthWest;(4, 8);False;1;767
;(6, 8);MoveNorthWest;(4, 8);False;1;768
;(6, 8);MoveNorthWest;(4, 8);False;1;769
;(6, 8);MoveNorthWest;(4, 8);False;1;770
;(6, 8);MoveNorthWest;(4, 8);False;1;771
;(6, 8);MoveNorthWest;(3, 7);False;1;772
;(6, 8);MoveNorthWest;(3, 7);False;1;773
;(6, 8);MoveNorthWest;(3, 7);False;1;774
;(6, 8);MoveNorthWest;(3, 7);False;1;775
;(6, 8);MoveNorthWest;(3, 7);False;1;776
;(6, 8);MoveNorthWest;(3, 7);False;1;777
;(6, 8);MoveNorthWest;(3, 7);False;1;778
;(6, 8);MoveNorthWest;(3, 7);False;1;779
;(6, 8);MoveNorthWest;(3, 7);False;1;780
;(6, 8);MoveNorthWest;(3, 7);False;1;781
;(6, 8);MoveNorthWest;(3, 7);False;1;782
;(6, 8);MoveNorthWest;(2, 6);False;1;783
;(6, 8);MoveWest;(2, 6);False;1;784
;(6, 8);MoveWest;(2, 6);False;1;785
;(6, 8);MoveWest;(2, 6);False;1;786
;(6, 8);MoveWest;(2, 6);False;1;787
;(6, 8);MoveWest;(2, 6);False;1;788
;(6, 8);MoveWest;(2, 6);False;1;789
;(6, 8);MoveWest;(2, 6);False;1;790
;(6, 8);MoveWest;(2, 6);False;1;791
;(6, 8);MoveWest;(2, 6);False;1;792
;(6, 8);MoveWest;(2, 6);False;1;793
;(6, 8);MoveWest;(1, 6);False;1;794
;(6, 8);MoveWest;(1, 6);False;1;795
;(6, 8);MoveWest;(1, 6);False;1;796
;(6, 8);MoveWest;(1, 6);False;1;797
;(6, 8);MoveWest;(1, 6);False;1;798
;(6, 8);MoveWest;(1, 6);False;1;799
;(6, 8);MoveWest;(1, 6);False;1;800
;(6, 8);MoveWest;(1, 6);False;1;801
;(6, 8);MoveWest;(1, 6);False;1;802
;(6, 8);MoveWest;(1, 6);False;1;803
;(6, 8);MoveWest;(1, 6);False;1;804
;(6, 8);MoveWest;(0, 6);False;1;805
;(6, 8);DropLargeObject;(0, 6);False;1;806
;(6, 8);DropLargeObject;(0, 6);False;1;807
;(6, 8);DropLargeObject;(0, 6);False;1;808
;(6, 8);DropLargeObject;(0, 6);False;1;809
;(6, 8);DropLargeObject;(0, 6);False;1;810
;(6, 8);DropLargeObject;(0, 6);False;1;811
;(6, 8);DropLargeObject;(0, 6);False;1;812
;(6, 8);DropLargeObject;(0, 6);False;1;813
;(6, 8);DropLargeObject;(0, 6);False;1;814
;(6, 8);DropLargeObject;(0, 6);False;1;815
;(6, 8);DropLargeObject;(0, 6);False;1;816
;(6, 8);;(0, 6);False;1;817
;(6, 8);MoveSouthEast;(0, 6);False;1;818
;(6, 8);MoveSouthEast;(0, 6);False;1;819
;(6, 8);MoveSouthEast;(0, 6);False;1;820
;(6, 8);MoveSouthEast;(0, 6);False;1;821
;(6, 8);MoveSouthEast;(0, 6);False;1;822
;(6, 8);MoveSouthEast;(0, 6);False;1;823
;(6, 8);MoveSouthEast;(0, 6);False;1;824
;(6, 8);MoveSouthEast;(0, 6);False;1;825
;(6, 8);MoveSouthEast;(0, 6);False;1;826
;(6, 8);MoveSouthEast;(0, 6);False;1;827
;(6, 8);MoveSouthEast;(1, 7);False;1;828
;(6, 8);MoveEast;(1, 7);False;1;829
;(6, 8);MoveEast;(1, 7);False;1;830
;(6, 8);MoveEast;(1, 7);False;1;831
;(6, 8);MoveEast;(1, 7);False;1;832
;(6, 8);MoveEast;(1, 7);False;1;833
;(6, 8);MoveEast;(1, 7);False;1;834
;(6, 8);MoveEast;(1, 7);False;1;835
MoveEast;(7, 8);MoveEast;(1, 7);False;1;836
;(7, 8);MoveEast;(1, 7);False;1;837
;(7, 8);MoveEast;(1, 7);False;1;838
;(7, 8);MoveEast;(2, 7);False;1;839
MoveEast;(8, 8);MoveSouthEast;(2, 7);False;1;840
;(8, 8);MoveSouthEast;(2, 7);False;1;841
;(8, 8);MoveSouthEast;(2, 7);False;1;842
;(8, 8);MoveSouthEast;(2, 7);False;1;843
;(8, 8);MoveSouthEast;(2, 7);False;1;844
;(8, 8);MoveSouthEast;(2, 7);False;1;845
;(8, 8);MoveSouthEast;(2, 7);False;1;846
;(8, 8);MoveSouthEast;(2, 7);False;1;847
;(8, 8);MoveSouthEast;(2, 7);False;1;848
;(8, 8);MoveSouthEast;(2, 7);False;1;849
;(8, 8);MoveSouthEast;(3, 8);False;1;850
;(8, 8);MoveEast;(3, 8);False;1;851
;(8, 8);MoveEast;(3, 8);False;1;852
;(8, 8);MoveEast;(3, 8);False;1;853
;(8, 8);MoveEast;(3, 8);False;1;854
;(8, 8);MoveEast;(3, 8);False;1;855
;(8, 8);MoveEast;(3, 8);False;1;856
;(8, 8);MoveEast;(3, 8);False;1;857
;(8, 8);MoveEast;(3, 8);False;1;858
;(8, 8);MoveEast;(3, 8);False;1;859
;(8, 8);MoveEast;(3, 8);False;1;860
;(8, 8);MoveEast;(4, 8);False;1;861
;(8, 8);MoveEast;(4, 8);False;1;862
;(8, 8);MoveEast;(4, 8);False;1;863
;(8, 8);MoveEast;(4, 8);False;1;864
;(8, 8);MoveEast;(4, 8);False;1;865
;(8, 8);MoveEast;(4, 8);False;1;866
;(8, 8);MoveEast;(4, 8);False;1;867
;(8, 8);MoveEast;(4, 8);False;1;868
;(8, 8);MoveEast;(4, 8);False;1;869
;(8, 8);MoveEast;(4, 8);False;1;870
;(8, 8);MoveEast;(4, 8);False;1;871
;(8, 8);MoveEast;(5, 8);False;1;872
;(8, 8);MoveSouthEast;(5, 8);False;1;873
;(8, 8);MoveSouthEast;(5, 8);False;1;874
;(8, 8);MoveSouthEast;(5, 8);False;1;875
;(8, 8);MoveSouthEast;(5, 8);False;1;876
;(8, 8);MoveSouthEast;(5, 8);False;1;877
;(8, 8);MoveSouthEast;(5, 8);False;1;878
;(8, 8);MoveSouthEast;(5, 8);False;1;879
;(8, 8);MoveSouthEast;(5, 8);False;1;880
;(8, 8);MoveSouthEast;(5, 8);False;1;881
;(8, 8);MoveSouthEast;(5, 8);False;1;882
;(8, 8);MoveSouthEast;(6, 9);False;1;883
;(8, 8);GrabLargeObject;(6, 9);False;1;884
;(8, 8);GrabLargeObject;(6, 9);False;1;885
;(8, 8);GrabLargeObject;(6, 9);False;1;886
;(8, 8);GrabLargeObject;(6, 9);False;1;887
;(8, 8);GrabLargeObject;(6, 9);False;1;888
;(8, 8);GrabLargeObject;(6, 9);False;1;889
;(8, 8);GrabLargeObject;(6, 9);False;1;890
;(8, 8);GrabLargeObject;(6, 9);False;1;891
;(8, 8);GrabLargeObject;(6, 9);False;1;892
;(8, 8);GrabLargeObject;(6, 9);False;1;893
;(8, 8);GrabLargeObject;(6, 9);False;1;894
;(8, 8);;(6, 9);False;1;895
;(8, 8);MoveEast;(6, 9);False;1;896
;(8, 8);MoveEast;(6, 9);False;1;897
;(8, 8);MoveEast;(6, 9);False;1;898
;(8, 8);MoveEast;(6, 9);False;1;899
;(8, 8);MoveEast;(6, 9);False;1;900
;(8, 8);MoveEast;(6, 9);False;1;901
;(8, 8);MoveEast;(6, 9);False;1;902
;(8, 8);MoveEast;(6, 9);False;1;903
;(8, 8);MoveEast;(6, 9);False;1;904
;(8, 8);MoveEast;(6, 9);False;1;905
;(8, 8);MoveEast;(7, 9);False;1;906
;(8, 8);MoveEast;(7, 9);False;1;907
;(8, 8);MoveEast;(7, 9);False;1;908
;(8, 8);MoveEast;(7, 9);False;1;909
;(8, 8);MoveEast;(7, 9);False;1;910
;(8, 8);MoveEast;(7, 9);False;1;911
;(8, 8);MoveEast;(7, 9);False;1;912
MoveWest;(7, 8);MoveEast;(7, 9);False;1;913
;(7, 8);MoveEast;(7, 9);False;1;914
;(7, 8);MoveEast;(7, 9);False;1;915
;(7, 8);MoveEast;(7, 9);False;1;916
;(7, 8);MoveEast;(8, 9);False;1;917
;(7, 8);MoveWest;(8, 9);False;1;918
;(7, 8);MoveWest;(8, 9);False;1;919
;(7, 8);MoveWest;(8, 9);False;1;920
;(7, 8);MoveWest;(8, 9);False;1;921
;(7, 8);MoveWest;(8, 9);False;1;922
;(7, 8);MoveWest;(8, 9);False;1;923
;(7, 8);MoveWest;(8, 9);False;1;924
;(7, 8);MoveWest;(8, 9);False;1;925
;(7, 8);MoveWest;(8, 9);False;1;926
;(7, 8);MoveWest;(8, 9);False;1;927
;(7, 8);MoveWest;(7, 9);False;1;928
;(7, 8);MoveWest;(7, 9);False;1;929
;(7, 8);MoveWest;(7, 9);False;1;930
;(7, 8);MoveWest;(7, 9);False;1;931
;(7, 8);MoveWest;(7, 9);False;1;932
;(7, 8);MoveWest;(7, 9);False;1;933
;(7, 8);MoveWest;(7, 9);False;1;934
;(7, 8);MoveWest;(7, 9);False;1;935
;(7, 8);MoveWest;(7, 9);False;1;936
;(7, 8);MoveWest;(7, 9);False;1;937
;(7, 8);MoveWest;(7, 9);False;1;938
;(7, 8);MoveWest;(6, 9);False;1;939
;(7, 8);MoveEast;(6, 9);False;1;940
;(7, 8);MoveEast;(6, 9);False;1;941
;(7, 8);MoveEast;(6, 9);False;1;942
MoveSouth;(7, 9);MoveEast;(6, 9);False;1;943
;(7, 9);MoveEast;(6, 9);False;1;944
;(7, 9);MoveEast;(6, 9);False;1;945
;(7, 9);MoveEast;(6, 9);False;1;946
;(7, 9);MoveEast;(6, 9);False;1;947
;(7, 9);MoveEast;(6, 9);False;1;948
;(7, 9);MoveEast;(6, 9);False;1;949
;(7, 9);MoveEast;(7, 9);False;1;950
;(7, 9);MoveEast;(7, 9);False;1;951
;(7, 9);MoveEast;(7, 9);False;1;952
;(7, 9);MoveEast;(7, 9);False;1;953
;(7, 9);MoveEast;(7, 9);False;1;954
;(7, 9);MoveEast;(7, 9);False;1;955
;(7, 9);MoveEast;(7, 9);False;1;956
;(7, 9);MoveEast;(7, 9);False;1;957
;(7, 9);MoveEast;(7, 9);False;1;958
;(7, 9);MoveEast;(7, 9);False;1;959
;(7, 9);MoveEast;(7, 9);False;1;960
;(7, 9);MoveEast;(8, 9);False;1;961
;(7, 9);MoveWest;(8, 9);False;1;962
;(7, 9);MoveWest;(8, 9);False;1;963
;(7, 9);MoveWest;(8, 9);False;1;964
;(7, 9);MoveWest;(8, 9);False;1;965
;(7, 9);MoveWest;(8, 9);False;1;966
;(7, 9);MoveWest;(8, 9);False;1;967
;(7, 9);MoveWest;(8, 9);False;1;968
;(7, 9);MoveWest;(8, 9);False;1;969
;(7, 9);MoveWest;(8, 9);False;1;970
;(7, 9);MoveWest;(8, 9);False;1;971
;(7, 9);MoveWest;(7, 9);False;1;972
;(7, 9);MoveWest;(7, 9);False;1;973
;(7, 9);MoveWest;(7, 9);False;1;974
;(7, 9);MoveWest;(7, 9);False;1;975
;(7, 9);MoveWest;(7, 9);False;1;976
;(7, 9);MoveWest;(7, 9);False;1;977
;(7, 9);MoveWest;(7, 9);False;1;978
;(7, 9);MoveWest;(7, 9);False;1;979
;(7, 9);MoveWest;(7, 9);False;1;980
;(7, 9);MoveWest;(7, 9);False;1;981
;(7, 9);MoveWest;(7, 9);False;1;982
;(7, 9);MoveWest;(6, 9);False;1;983
;(7, 9);MoveEast;(6, 9);False;1;984
;(7, 9);MoveEast;(6, 9);False;1;985
;(7, 9);MoveEast;(6, 9);False;1;986
;(7, 9);MoveEast;(6, 9);False;1;987
;(7, 9);MoveEast;(6, 9);False;1;988
;(7, 9);MoveEast;(6, 9);False;1;989
;(7, 9);MoveEast;(6, 9);False;1;990
;(7, 9);MoveEast;(6, 9);False;1;991
;(7, 9);MoveEast;(6, 9);False;1;992
;(7, 9);MoveEast;(6, 9);False;1;993
;(7, 9);MoveEast;(7, 9);False;1;994
;(7, 9);MoveEast;(7, 9);False;1;995
;(7, 9);MoveEast;(7, 9);False;1;996
;(7, 9);MoveEast;(7, 9);False;1;997
;(7, 9);MoveEast;(7, 9);False;1;998
;(7, 9);MoveEast;(7, 9);False;1;999
;(7, 9);MoveEast;(7, 9);False;1;1000
;(7, 9);MoveEast;(7, 9);False;1;1001
;(7, 9);MoveEast;(7, 9);False;1;1002
;(7, 9);MoveEast;(7, 9);False;1;1003
;(7, 9);MoveEast;(7, 9);False;1;1004
;(7, 9);MoveEast;(8, 9);False;1;1005
;(7, 9);MoveWest;(8, 9);False;1;1006
;(7, 9);MoveWest;(8, 9);False;1;1007
;(7, 9);MoveWest;(8, 9);False;1;1008
;(7, 9);MoveWest;(8, 9);False;1;1009
;(7, 9);MoveWest;(8, 9);False;1;1010
;(7, 9);MoveWest;(8, 9);False;1;1011
;(7, 9);MoveWest;(8, 9);False;1;1012
;(7, 9);MoveWest;(8, 9);False;1;1013
;(7, 9);MoveWest;(8, 9);False;1;1014
;(7, 9);MoveWest;(8, 9);False;1;1015
;(7, 9);MoveWest;(7, 9);False;1;1016
;(7, 9);MoveWest;(7, 9);False;1;1017
;(7, 9);MoveWest;(7, 9);False;1;1018
;(7, 9);MoveWest;(7, 9);False;1;1019
;(7, 9);MoveWest;(7, 9);False;1;1020
;(7, 9);MoveWest;(7, 9);False;1;1021
;(7, 9);MoveWest;(7, 9);False;1;1022
;(7, 9);MoveWest;(7, 9);False;1;1023
;(7, 9);MoveWest;(7, 9);False;1;1024
;(7, 9);MoveWest;(7, 9);False;1;1025
;(7, 9);MoveWest;(7, 9);False;1;1026
;(7, 9);MoveWest;(6, 9);False;1;1027
;(7, 9);;(6, 9);False;1;1028
;(7, 9);MoveWest;(6, 9);False;1;1029
;(7, 9);MoveWest;(6, 9);False;1;1030
;(7, 9);MoveWest;(6, 9);False;1;1031
;(7, 9);MoveWest;(6, 9);False;1;1032
;(7, 9);MoveWest;(6, 9);False;1;1033
;(7, 9);MoveWest;(6, 9);False;1;1034
;(7, 9);MoveWest;(6, 9);False;1;1035
;(7, 9);MoveWest;(6, 9);False;1;1036
;(7, 9);MoveWest;(6, 9);False;1;1037
;(7, 9);MoveWest;(6, 9);False;1;1038
;(7, 9);MoveWest;(5, 9);False;1;1039
;(7, 9);MoveNorthWest;(5, 9);False;1;1040
;(7, 9);MoveNorthWest;(5, 9);False;1;1041
;(7, 9);MoveNorthWest;(5, 9);False;1;1042
;(7, 9);MoveNorthWest;(5, 9);False;1;1043
;(7, 9);MoveNorthWest;(5, 9);False;1;1044
;(7, 9);MoveNorthWest;(5, 9);False;1;1045
;(7, 9);MoveNorthWest;(5, 9);False;1;1046
;(7, 9);MoveNorthWest;(5, 9);False;1;1047
;(7, 9);MoveNorthWest;(5, 9);False;1;1048
;(7, 9);MoveNorthWest;(5, 9);False;1;1049
;(7, 9);MoveNorthWest;(4, 8);False;1;1050
;(7, 9);MoveWest;(4, 8);False;1;1051
;(7, 9);MoveWest;(4, 8);False;1;1052
;(7, 9);MoveWest;(4, 8);False;1;1053
;(7, 9);MoveWest;(4, 8);False;1;1054
;(7, 9);MoveWest;(4, 8);False;1;1055
;(7, 9);MoveWest;(4, 8);False;1;1056
;(7, 9);MoveWest;(4, 8);False;1;1057
;(7, 9);MoveWest;(4, 8);False;1;1058
;(7, 9);MoveWest;(4, 8);False;1;1059
;(7, 9);MoveWest;(4, 8);False;1;1060
;(7, 9);MoveWest;(3, 8);False;1;1061
;(7, 9);MoveNorthWest;(3, 8);False;1;1062
;(7, 9);MoveNorthWest;(3, 8);False;1;1063
;(7, 9);MoveNorthWest;(3, 8);False;1;1064
;(7, 9);MoveNorthWest;(3, 8);False;1;1065
;(7, 9);MoveNorthWest;(3, 8);False;1;1066
;(7, 9);MoveNorthWest;(3, 8);False;1;1067
;(7, 9);MoveNorthWest;(3, 8);False;1;1068
;(7, 9);MoveNorthWest;(3, 8);False;1;1069
;(7, 9);MoveNorthWest;(3, 8);False;1;1070
;(7, 9);MoveNorthWest;(3, 8);False;1;1071
;(7, 9);MoveNorthWest;(2, 7);False;1;1072
;(7, 9);MoveWest;(2, 7);False;1;1073
;(7, 9);MoveWest;(2, 7);False;1;1074
;(7, 9);MoveWest;(2, 7);False;1;1075
;(7, 9);MoveWest;(2, 7);False;1;1076
;(7, 9);MoveWest;(2, 7);False;1;1077
;(7, 9);MoveWest;(2, 7);False;1;1078
;(7, 9);MoveWest;(2, 7);False;1;1079
;(7, 9);MoveWest;(2, 7);False;1;1080
;(7, 9);MoveWest;(2, 7);False;1;1081
;(7, 9);MoveWest;(2, 7);False;1;1082
;(7, 9);MoveWest;(1, 7);False;1;1083
;(7, 9);DropLargeObject;(1, 7);False;1;1084
;(7, 9);DropLargeObject;(1, 7);False;1;1085
;(7, 9);DropLargeObject;(1, 7);False;1;1086
;(7, 9);DropLargeObject;(1, 7);False;1;1087
;(7, 9);DropLargeObject;(1, 7);False;1;1088
;(7, 9);DropLargeObject;(1, 7);False;1;1089
;(7, 9);DropLargeObject;(1, 7);False;1;1090
;(7, 9);DropLargeObject;(1, 7);False;1;1091
;(7, 9);DropLargeObject;(1, 7);False;1;1092
;(7, 9);DropLargeObject;(1, 7);False;1;1093
;(7, 9);DropLargeObject;(1, 7);False;1;1094
;(7, 9);;(1, 7);False;1;1095
;(7, 9);Idle;(1, 7);False;1;1096
;(7, 9);Idle;(1, 7);False;1;1097
;(7, 9);Idle;(1, 7);False;1;1098
;(7, 9);Idle;(1, 7);False;1;1099
;(7, 9);Idle;(1, 7);False;1;1100
;(7, 9);Idle;(1, 7);False;1;1101
MoveWest;(6, 9);Idle;(1, 7);False;1;1102
;(6, 9);Idle;(1, 7);False;1;1103
;(6, 9);Idle;(1, 7);False;1;1104
;(6, 9);Idle;(1, 7);False;1;1105
;(6, 9);Idle;(1, 7);False;1;1106
;(6, 9);Idle;(1, 7);False;1;1107
;(6, 9);Idle;(1, 7);False;1;1108
;(6, 9);Idle;(1, 7);False;1;1109
;(6, 9);Idle;(1, 7);False;1;1110
;(6, 9);Idle;(1, 7);False;1;1111
;(6, 9);Idle;(1, 7);False;1;1112
;(6, 9);Idle;(1, 7);False;1;1113
;(6, 9);Idle;(1, 7);False;1;1114
;(6, 9);Idle;(1, 7);False;1;1115
;(6, 9);Idle;(1, 7);False;1;1116
;(6, 9);Idle;(1, 7);False;1;1117
;(6, 9);Idle;(1, 7);False;1;1118
;(6, 9);Idle;(1, 7);False;1;1119
;(6, 9);Idle;(1, 7);False;1;1120
;(6, 9);Idle;(1, 7);False;1;1121
;(6, 9);Idle;(1, 7);False;1;1122
MoveSouth;(6, 10);Idle;(1, 7);False;1;1123
;(6, 10);Idle;(1, 7);False;1;1124
;(6, 10);Idle;(1, 7);False;1;1125
;(6, 10);Idle;(1, 7);False;1;1126
;(6, 10);Idle;(1, 7);False;1;1127
;(6, 10);Idle;(1, 7);False;1;1128
;(6, 10);Idle;(1, 7);False;1;1129
;(6, 10);Idle;(1, 7);False;1;1130
;(6, 10);Idle;(1, 7);False;1;1131
;(6, 10);Idle;(1, 7);False;1;1132
GrabObject;(6, 10);Idle;(1, 7);False;1;1133
;(6, 10);Idle;(1, 7);False;1;1134
;(6, 10);Idle;(1, 7);False;1;1135
;(6, 10);Idle;(1, 7);False;1;1136
;(6, 10);Idle;(1, 7);False;1;1137
;(6, 10);Idle;(1, 7);False;1;1138
;(6, 10);Idle;(1, 7);False;1;1139
;(6, 10);Idle;(1, 7);False;1;1140
;(6, 10);Idle;(1, 7);False;1;1141
;(6, 10);Idle;(1, 7);False;1;1142
;(6, 10);Idle;(1, 7);False;1;1143
;(6, 10);Idle;(1, 7);False;1;1144
;(6, 10);Idle;(1, 7);False;1;1145
;(6, 10);Idle;(1, 7);False;1;1146
;(6, 10);Idle;(1, 7);False;1;1147
;(6, 10);Idle;(1, 7);False;1;1148
;(6, 10);Idle;(1, 7);False;1;1149
;(6, 10);Idle;(1, 7);False;1;1150
;(6, 10);;(1, 7);False;1;1151
;(6, 10);MoveEast;(1, 7);False;1;1152
MoveWest;(5, 10);MoveEast;(1, 7);False;1;1153
;(5, 10);MoveEast;(1, 7);False;1;1154
;(5, 10);MoveEast;(1, 7);False;1;1155
;(5, 10);MoveEast;(1, 7);False;1;1156
;(5, 10);MoveEast;(1, 7);False;1;1157
;(5, 10);MoveEast;(1, 7);False;1;1158
;(5, 10);MoveEast;(1, 7);False;1;1159
;(5, 10);MoveEast;(1, 7);False;1;1160
;(5, 10);MoveEast;(1, 7);False;1;1161
;(5, 10);MoveEast;(2, 7);False;1;1162
;(5, 10);MoveEast;(2, 7);False;1;1163
;(5, 10);MoveEast;(2, 7);False;1;1164
MoveEast;(6, 10);MoveEast;(2, 7);False;1;1165
;(6, 10);MoveEast;(2, 7);False;1;1166
;(6, 10);MoveEast;(2, 7);False;1;1167
;(6, 10);MoveEast;(2, 7);False;1;1168
;(6, 10);MoveEast;(2, 7);False;1;1169
;(6, 10);MoveEast;(2, 7);False;1;1170
;(6, 10);MoveEast;(2, 7);False;1;1171
;(6, 10);MoveEast;(2, 7);False;1;1172
;(6, 10);MoveEast;(3, 7);False;1;1173
;(6, 10);MoveWest;(3, 7);False;1;1174
;(6, 10);MoveWest;(3, 7);False;1;1175
;(6, 10);MoveWest;(3, 7);False;1;1176
MoveNorth;(6, 9);MoveWest;(3, 7);False;1;1177
;(6, 9);MoveWest;(3, 7);False;1;1178
;(6, 9);MoveWest;(3, 7);False;1;1179
;(6, 9);MoveWest;(3, 7);False;1;1180
;(6, 9);MoveWest;(3, 7);False;1;1181
;(6, 9);MoveWest;(3, 7);False;1;1182
;(6, 9);MoveWest;(3, 7);False;1;1183
DropObject;(6, 9);MoveWest;(2, 7);False;1;1184
;(6, 9);MoveWest;(2, 7);False;1;1185
;(6, 9);MoveWest;(2, 7);False;1;1186
;(6, 9);MoveWest;(2, 7);False;1;1187
;(6, 9);MoveWest;(2, 7);False;1;1188
;(6, 9);MoveWest;(2, 7);False;1;1189
;(6, 9);MoveWest;(2, 7);False;1;1190
;(6, 9);MoveWest;(2, 7);False;1;1191
;(6, 9);MoveWest;(2, 7);False;1;1192
;(6, 9);MoveWest;(2, 7);False;1;1193
;(6, 9);MoveWest;(2, 7);False;1;1194
;(6, 9);MoveWest;(1, 7);False;1;1195
MoveNorth;(6, 8);MoveEast;(1, 7);False;1;1196
;(6, 8);MoveEast;(1, 7);False;1;1197
;(6, 8);MoveEast;(1, 7);False;1;1198
;(6, 8);MoveEast;(1, 7);False;1;1199
;(6, 8);MoveEast;(1, 7);False;1;1200
;(6, 8);MoveEast;(1, 7);False;1;1201
;(6, 8);MoveEast;(1, 7);False;1;1202
;(6, 8);MoveEast;(1, 7);False;1;1203
MoveEast;(7, 8);MoveEast;(1, 7);False;1;1204
;(7, 8);MoveEast;(1, 7);False;1;1205
;(7, 8);MoveEast;(2, 7);False;1;1206
;(7, 8);MoveEast;(2, 7);False;1;1207
;(7, 8);MoveEast;(2, 7);False;1;1208
;(7, 8);MoveEast;(2, 7);False;1;1209
;(7, 8);MoveEast;(2, 7);False;1;1210
;(7, 8);MoveEast;(2, 7);False;1;1211
;(7, 8);MoveEast;(2, 7);False;1;1212
;(7, 8);MoveEast;(2, 7);False;1;1213
;(7, 8);MoveEast;(2, 7);False;1;1214
;(7, 8);MoveEast;(2, 7);False;1;1215
;(7, 8);MoveEast;(2, 7);False;1;1216
;(7, 8);MoveEast;(3, 7);False;1;1217
;(7, 8);MoveWest;(3, 7);False;1;1218
;(7, 8);MoveWest;(3, 7);False;1;1219
;(7, 8);MoveWest;(3, 7);False;1;1220
;(7, 8);MoveWest;(3, 7);False;1;1221
;(7, 8);MoveWest;(3, 7);False;1;1222
;(7, 8);MoveWest;(3, 7);False;1;1223
;(7, 8);MoveWest;(3, 7);False;1;1224
;(7, 8);MoveWest;(3, 7);False;1;1225
;(7, 8);MoveWest;(3, 7);False;1;1226
;(7, 8);MoveWest;(3, 7);False;1;1227
;(7, 8);MoveWest;(2, 7);False;1;1228
;(7, 8);MoveWest;(2, 7);False;1;1229
;(7, 8);MoveWest;(2, 7);False;1;1230
;(7, 8);MoveWest;(2, 7);False;1;1231
;(7, 8);MoveWest;(2, 7);False;1;1232
;(7, 8);MoveWest;(2, 7);False;1;1233
;(7, 8);MoveWest;(2, 7);False;1;1234
;(7, 8);MoveWest;(2, 7);False;1;1235
;(7, 8);MoveWest;(2, 7);False;1;1236
;(7, 8);MoveWest;(2, 7);False;1;1237
;(7, 8);MoveWest;(2, 7);False;1;1238
;(7, 8);MoveWest;(1, 7);False;1;1239
;(7, 8);MoveEast;(1, 7);False;1;1240
;(7, 8);MoveEast;(1, 7);False;1;1241
;(7, 8);MoveEast;(1, 7);False;1;1242
;(7, 8);MoveEast;(1, 7);False;1;1243
;(7, 8);MoveEast;(1, 7);False;1;1244
;(7, 8);MoveEast;(1, 7);False;1;1245
;(7, 8);MoveEast;(1, 7);False;1;1246
;(7, 8);MoveEast;(1, 7);False;1;1247
;(7, 8);MoveEast;(1, 7);False;1;1248
;(7, 8);MoveEast;(1, 7);False;1;1249
;(7, 8);MoveEast;(2, 7);False;1;1250
;(7, 8);MoveEast;(2, 7);False;1;1251
;(7, 8);MoveEast;(2, 7);False;1;1252
;(7, 8);MoveEast;(2, 7);False;1;1253
;(7, 8);MoveEast;(2, 7);False;1;1254
;(7, 8);MoveEast;(2, 7);False;1;1255
;(7, 8);MoveEast;(2, 7);False;1;1256
;(7, 8);MoveEast;(2, 7);False;1;1257
;(7, 8);MoveEast;(2, 7);False;1;1258
;(7, 8);MoveEast;(2, 7);False;1;1259
;(7, 8);MoveEast;(2, 7);False;1;1260
;(7, 8);MoveEast;(3, 7);False;1;1261
;(7, 8);MoveWest;(3, 7);False;1;1262
;(7, 8);MoveWest;(3, 7);False;1;1263
;(7, 8);MoveWest;(3, 7);False;1;1264
;(7, 8);MoveWest;(3, 7);False;1;1265
;(7, 8);MoveWest;(3, 7);False;1;1266
;(7, 8);MoveWest;(3, 7);False;1;1267
;(7, 8);MoveWest;(3, 7);False;1;1268
;(7, 8);MoveWest;(3, 7);False;1;1269
;(7, 8);MoveWest;(3, 7);False;1;1270
;(7, 8);MoveWest;(3, 7);False;1;1271
;(7, 8);MoveWest;(2, 7);False;1;1272
;(7, 8);MoveWest;(2, 7);False;1;1273
;(7, 8);MoveWest;(2, 7);False;1;1274
;(7, 8);MoveWest;(2, 7);False;1;1275
;(7, 8);MoveWest;(2, 7);False;1;1276
;(7, 8);MoveWest;(2, 7);False;1;1277
;(7, 8);MoveWest;(2, 7);False;1;1278
;(7, 8);MoveWest;(2, 7);False;1;1279
;(7, 8);MoveWest;(2, 7);False;1;1280
;(7, 8);MoveWest;(2, 7);False;1;1281
;(7, 8);MoveWest;(2, 7);False;1;1282
;(7, 8);MoveWest;(1, 7);False;1;1283
;(7, 8);;(1, 7);False;1;1284
;(7, 8);MoveEast;(1, 7);False;1;1285
;(7, 8);MoveEast;(1, 7);False;1;1286
;(7, 8);MoveEast;(1, 7);False;1;1287
;(7, 8);MoveEast;(1, 7);False;1;1288
;(7, 8);MoveEast;(1, 7);False;1;1289
;(7, 8);MoveEast;(1, 7);False;1;1290
;(7, 8);MoveEast;(1, 7);False;1;1291
;(7, 8);MoveEast;(1, 7);False;1;1292
;(7, 8);MoveEast;(1, 7);False;1;1293
;(7, 8);MoveEast;(1, 7);False;1;1294
;(7, 8);MoveEast;(2, 7);False;1;1295
;(7, 8);MoveEast;(2, 7);False;1;1296
;(7, 8);MoveEast;(2, 7);False;1;1297
;(7, 8);MoveEast;(2, 7);False;1;1298
;(7, 8);MoveEast;(2, 7);False;1;1299
;(7, 8);MoveEast;(2, 7);False;1;1300
;(7, 8);MoveEast;(2, 7);False;1;1301
;(7, 8);MoveEast;(2, 7);False;1;1302
;(7, 8);MoveEast;(2, 7);False;1;1303
;(7, 8);MoveEast;(2, 7);False;1;1304
;(7, 8);MoveEast;(2, 7);False;1;1305
;(7, 8);MoveEast;(3, 7);False;1;1306
;(7, 8);MoveEast;(3, 7);False;1;1307
;(7, 8);MoveEast;(3, 7);False;1;1308
;(7, 8);MoveEast;(3, 7);False;1;1309
;(7, 8);MoveEast;(3, 7);False;1;1310
;(7, 8);MoveEast;(3, 7);False;1;1311
;(7, 8);MoveEast;(3, 7);False;1;1312
;(7, 8);MoveEast;(3, 7);False;1;1313
;(7, 8);MoveEast;(3, 7);False;1;1314
;(7, 8);MoveEast;(3, 7);False;1;1315
;(7, 8);MoveEast;(3, 7);False;1;1316
;(7, 8);MoveEast;(4, 7);False;1;1317
;(7, 8);MoveEast;(4, 7);False;1;1318
;(7, 8);MoveEast;(4, 7);False;1;1319
;(7, 8);MoveEast;(4, 7);False;1;1320
;(7, 8);MoveEast;(4, 7);False;1;1321
;(7, 8);MoveEast;(4, 7);False;1;1322
;(7, 8);MoveEast;(4, 7);False;1;1323
;(7, 8);MoveEast;(4, 7);False;1;1324
;(7, 8);MoveEast;(4, 7);False;1;1325
;(7, 8);MoveEast;(4, 7);False;1;1326
;(7, 8);MoveEast;(4, 7);False;1;1327
;(7, 8);MoveEast;(5, 7);False;1;1328
;(7, 8);MoveEast;(5, 7);False;1;1329
;(7, 8);MoveEast;(5, 7);False;1;1330
;(7, 8);MoveEast;(5, 7);False;1;1331
;(7, 8);MoveEast;(5, 7);False;1;1332
;(7, 8);MoveEast;(5, 7);False;1;1333
;(7, 8);MoveEast;(5, 7);False;1;1334
;(7, 8);MoveEast;(5, 7);False;1;1335
;(7, 8);MoveEast;(5, 7);False;1;1336
;(7, 8);MoveEast;(5, 7);False;1;1337
;(7, 8);MoveEast;(5, 7);False;1;1338
;(7, 8);MoveEast;(6, 7);False;1;1339
;(7, 8);MoveNorthEast;(6, 7);False;1;1340
;(7, 8);MoveNorthEast;(6, 7);False;1;1341
;(7, 8);MoveNorthEast;(6, 7);False;1;1342
;(7, 8);MoveNorthEast;(6, 7);False;1;1343
;(7, 8);MoveNorthEast;(6, 7);False;1;1344
;(7, 8);MoveNorthEast;(6, 7);False;1;1345
;(7, 8);MoveNorthEast;(6, 7);False;1;1346
;(7, 8);MoveNorthEast;(6, 7);False;1;1347
;(7, 8);MoveNorthEast;(6, 7);False;1;1348
;(7, 8);MoveNorthEast;(6, 7);False;1;1349
;(7, 8);MoveNorthEast;(7, 6);False;1;1350
;(7, 8);MoveEast;(7, 6);False;1;1351
;(7, 8);MoveEast;(7, 6);False;1;1352
;(7, 8);MoveEast;(7, 6);False;1;1353
;(7, 8);MoveEast;(7, 6);False;1;1354
;(7, 8);MoveEast;(7, 6);False;1;1355
;(7, 8);MoveEast;(7, 6);False;1;1356
;(7, 8);MoveEast;(7, 6);False;1;1357
;(7, 8);MoveEast;(7, 6);False;1;1358
;(7, 8);MoveEast;(7, 6);False;1;1359
;(7, 8);MoveEast;(7, 6);False;1;1360
;(7, 8);MoveEast;(8, 6);False;1;1361
;(7, 8);GrabLargeObject;(8, 6);False;1;1362
;(7, 8);GrabLargeObject;(8, 6);False;1;1363
;(7, 8);GrabLargeObject;(8, 6);False;1;1364
;(7, 8);GrabLargeObject;(8, 6);False;1;1365
;(7, 8);GrabLargeObject;(8, 6);False;1;1366
;(7, 8);GrabLargeObject;(8, 6);False;1;1367
;(7, 8);GrabLargeObject;(8, 6);False;1;1368
;(7, 8);GrabLargeObject;(8, 6);False;1;1369
;(7, 8);GrabLargeObject;(8, 6);False;1;1370
;(7, 8);GrabLargeObject;(8, 6);False;1;1371
;(7, 8);GrabLargeObject;(8, 6);False;1;1372
;(7, 8);;(8, 6);False;1;1373
;(7, 8);MoveEast;(8, 6);False;1;1374
;(7, 8);MoveEast;(8, 6);False;1;1375
;(7, 8);MoveEast;(8, 6);False;1;1376
;(7, 8);MoveEast;(8, 6);False;1;1377
;(7, 8);MoveEast;(8, 6);False;1;1378
;(7, 8);MoveEast;(8, 6);False;1;1379
;(7, 8);MoveEast;(8, 6);False;1;1380
;(7, 8);MoveEast;(8, 6);False;1;1381
;(7, 8);MoveEast;(8, 6);False;1;1382
;(7, 8);MoveEast;(8, 6);False;1;1383
;(7, 8);MoveEast;(9, 6);False;1;1384
;(7, 8);MoveEast;(9, 6);False;1;1385
;(7, 8);MoveEast;(9, 6);False;1;1386
;(7, 8);MoveEast;(9, 6);False;1;1387
;(7, 8);MoveEast;(9, 6);False;1;1388
;(7, 8);MoveEast;(9, 6);False;1;1389
;(7, 8);MoveEast;(9, 6);False;1;1390
;(7, 8);MoveEast;(9, 6);False;1;1391
;(7, 8);MoveEast;(9, 6);False;1;1392
;(7, 8);MoveEast;(9, 6);False;1;1393
;(7, 8);MoveEast;(9, 6);False;1;1394
;(7, 8);MoveEast;(10, 6);False;1;1395
;(7, 8);MoveWest;(10, 6);False;1;1396
;(7, 8);MoveWest;(10, 6);False;1;1397
;(7, 8);MoveWest;(10, 6);False;1;1398
;(7, 8);MoveWest;(10, 6);False;1;1399
;(7, 8);MoveWest;(10, 6);False;1;1400
;(7, 8);MoveWest;(10, 6);False;1;1401
;(7, 8);MoveWest;(10, 6);False;1;1402
;(7, 8);MoveWest;(10, 6);False;1;1403
;(7, 8);MoveWest;(10, 6);False;1;1404
;(7, 8);MoveWest;(10, 6);False;1;1405
;(7, 8);MoveWest;(9, 6);False;1;1406
;(7, 8);MoveWest;(9, 6);False;1;1407
;(7, 8);MoveWest;(9, 6);False;1;1408
;(7, 8);MoveWest;(9, 6);False;1;1409
;(7, 8);MoveWest;(9, 6);False;1;1410
;(7, 8);MoveWest;(9, 6);False;1;1411
;(7, 8);MoveWest;(9, 6);False;1;1412
;(7, 8);MoveWest;(9, 6);False;1;1413
;(7, 8);MoveWest;(9, 6);False;1;1414
;(7, 8);MoveWest;(9, 6);False;1;1415
;(7, 8);MoveWest;(9, 6);False;1;1416
;(7, 8);MoveWest;(8, 6);False;1;1417
;(7, 8);MoveEast;(8, 6);False;1;1418
;(7, 8);MoveEast;(8, 6);False;1;1419
;(7, 8);MoveEast;(8, 6);False;1;1420
;(7, 8);MoveEast;(8, 6);False;1;1421
;(7, 8);MoveEast;(8, 6);False;1;1422
;(7, 8);MoveEast;(8, 6);False;1;1423
;(7, 8);MoveEast;(8, 6);False;1;1424
;(7, 8);MoveEast;(8, 6);False;1;1425
MoveWest;(6, 8);MoveEast;(8, 6);False;1;1426
;(6, 8);MoveEast;(8, 6);False;1;1427
MoveWest;(5, 8);MoveEast;(9, 6);False;1;1428
;(5, 8);MoveEast;(9, 6);False;1;1429
;(5, 8);MoveEast;(9, 6);False;1;1430
;(5, 8);MoveEast;(9, 6);False;1;1431
MoveWest;(4, 8);MoveEast;(9, 6);False;1;1432
;(4, 8);MoveEast;(9, 6);False;1;1433
;(4, 8);MoveEast;(9, 6);False;1;1434
;(4, 8);MoveEast;(9, 6);False;1;1435
;(4, 8);MoveEast;(9, 6);False;1;1436
;(4, 8);MoveEast;(9, 6);False;1;1437
;(4, 8);MoveEast;(9, 6);False;1;1438
;(4, 8);MoveEast;(10, 6);False;1;1439
;(4, 8);MoveWest;(10, 6);False;1;1440
;(4, 8);MoveWest;(10, 6);False;1;1441
;(4, 8);MoveWest;(10, 6);False;1;1442
;(4, 8);MoveWest;(10, 6);False;1;1443
;(4, 8);MoveWest;(10, 6);False;1;1444
;(4, 8);MoveWest;(10, 6);False;1;1445
;(4, 8);MoveWest;(10, 6);False;1;1446
;(4, 8);MoveWest;(10, 6);False;1;1447
;(4, 8);MoveWest;(10, 6);False;1;1448
MoveEast;(5, 8);MoveWest;(10, 6);False;1;1449
;(5, 8);MoveWest;(9, 6);False;1;1450
;(5, 8);MoveWest;(9, 6);False;1;1451
;(5, 8);MoveWest;(9, 6);False;1;1452
;(5, 8);MoveWest;(9, 6);False;1;1453
MoveEast;(6, 8);MoveWest;(9, 6);False;1;1454
;(6, 8);MoveWest;(9, 6);False;1;1455
;(6, 8);MoveWest;(9, 6);False;1;1456
;(6, 8);MoveWest;(9, 6);False;1;1457
;(6, 8);MoveWest;(9, 6);False;1;1458
;(6, 8);MoveWest;(9, 6);False;1;1459
;(6, 8);MoveWest;(9, 6);False;1;1460
;(6, 8);MoveWest;(8, 6);False;1;1461
;(6, 8);MoveEast;(8, 6);False;1;1462
;(6, 8);MoveEast;(8, 6);False;1;1463
;(6, 8);MoveEast;(8, 6);False;1;1464
;(6, 8);MoveEast;(8, 6);False;1;1465
;(6, 8);MoveEast;(8, 6);False;1;1466
;(6, 8);MoveEast;(8, 6);False;1;1467
;(6, 8);MoveEast;(8, 6);False;1;1468
;(6, 8);MoveEast;(8, 6);False;1;1469
;(6, 8);MoveEast;(8, 6);False;1;1470
;(6, 8);MoveEast;(8, 6);False;1;1471
MoveEast;(7, 8);MoveEast;(9, 6);False;1;1472
;(7, 8);MoveEast;(9, 6);False;1;1473
;(7, 8);MoveEast;(9, 6);False;1;1474
;(7, 8);MoveEast;(9, 6);False;1;1475
MoveEast;(8, 8);MoveEast;(9, 6);False;1;1476
;(8, 8);MoveEast;(9, 6);False;1;1477
;(8, 8);MoveEast;(9, 6);False;1;1478
;(8, 8);MoveEast;(9, 6);False;1;1479
;(8, 8);MoveEast;(9, 6);False;1;1480
;(8, 8);MoveEast;(9, 6);False;1;1481
;(8, 8);MoveEast;(9, 6);False;1;1482
;(8, 8);MoveEast;(10, 6);False;1;1483
;(8, 8);MoveWest;(10, 6);False;1;1484
;(8, 8);MoveWest;(10, 6);False;1;1485
MoveSouth;(8, 9);MoveWest;(10, 6);False;1;1486
;(8, 9);MoveWest;(10, 6);False;1;1487
;(8, 9);MoveWest;(10, 6);False;1;1488
;(8, 9);MoveWest;(10, 6);False;1;1489
;(8, 9);MoveWest;(10, 6);False;1;1490
;(8, 9);MoveWest;(10, 6);False;1;1491
;(8, 9);MoveWest;(10, 6);False;1;1492
MoveEast;(9, 9);MoveWest;(10, 6);False;1;1493
;(9, 9);MoveWest;(9, 6);False;1;1494
;(9, 9);MoveWest;(9, 6);False;1;1495
;(9, 9);MoveWest;(9, 6);False;1;1496
;(9, 9);MoveWest;(9, 6);False;1;1497
;(9, 9);MoveWest;(9, 6);False;1;1498
MoveEast;(10, 9);MoveWest;(9, 6);False;1;1499
;(10, 9);MoveWest;(9, 6);False;1;1500
;(10, 9);MoveWest;(9, 6);False;1;1501
;(10, 9);MoveWest;(9, 6);False;1;1502
MoveEast;(11, 9);MoveWest;(9, 6);False;1;1503
;(11, 9);MoveWest;(9, 6);False;1;1504
;(11, 9);MoveWest;(8, 6);False;1;1505
;(11, 9);;(8, 6);False;1;1506
;(11, 9);MoveWest;(8, 6);False;1;1507
;(11, 9);MoveWest;(8, 6);False;1;1508
;(11, 9);MoveWest;(8, 6);False;1;1509
;(11, 9);MoveWest;(8, 6);False;1;1510
;(11, 9);MoveWest;(8, 6);False;1;1511
;(11, 9);MoveWest;(8, 6);False;1;1512
;(11, 9);MoveWest;(8, 6);False;1;1513
MoveEast;(12, 9);MoveWest;(8, 6);False;1;1514
;(12, 9);MoveWest;(8, 6);False;1;1515
;(12, 9);MoveWest;(8, 6);False;1;1516
;(12, 9);MoveWest;(7, 6);False;1;1517
;(12, 9);MoveWest;(7, 6);False;1;1518
;(12, 9);MoveWest;(7, 6);False;1;1519
;(12, 9);MoveWest;(7, 6);False;1;1520
GrabObject;(12, 9);MoveWest;(7, 6);False;1;1521
;(12, 9);MoveWest;(7, 6);False;1;1522
;(12, 9);MoveWest;(7, 6);False;1;1523
;(12, 9);MoveWest;(7, 6);False;1;1524
;(12, 9);MoveWest;(7, 6);False;1;1525
;(12, 9);MoveWest;(7, 6);False;1;1526
;(12, 9);MoveWest;(7, 6);False;1;1527
;(12, 9);MoveWest;(6, 6);False;1;1528
;(12, 9);MoveWest;(6, 6);False;1;1529
;(12, 9);MoveWest;(6, 6);False;1;1530
MoveEast;(13, 9);MoveWest;(6, 6);False;1;1531
;(13, 9);MoveWest;(6, 6);False;1;1532
MoveEast;(14, 9);MoveWest;(6, 6);False;1;1533
;(14, 9);MoveWest;(6, 6);False;1;1534
;(14, 9);MoveWest;(6, 6);False;1;1535
;(14, 9);MoveWest;(6, 6);False;1;1536
MoveEast;(15, 9);MoveWest;(6, 6);False;1;1537
;(15, 9);MoveWest;(6, 6);False;1;1538
;(15, 9);MoveWest;(5, 6);False;1;1539
;(15, 9);MoveNorthWest;(5, 6);False;1;1540
;(15, 9);MoveNorthWest;(5, 6);False;1;1541
;(15, 9);MoveNorthWest;(5, 6);False;1;1542
;(15, 9);MoveNorthWest;(5, 6);False;1;1543
;(15, 9);MoveNorthWest;(5, 6);False;1;1544
;(15, 9);MoveNorthWest;(5, 6);False;1;1545
;(15, 9);MoveNorthWest;(5, 6);False;1;1546
;(15, 9);MoveNorthWest;(5, 6);False;1;1547
;(15, 9);MoveNorthWest;(5, 6);False;1;1548
MoveEast;(16, 9);MoveNorthWest;(5, 6);False;1;1549
;(16, 9);MoveNorthWest;(4, 5);False;1;1550
;(16, 9);MoveWest;(4, 5);False;1;1551
DropObject;(16, 9);MoveWest;(4, 5);False;1;1552
;(16, 9);MoveWest;(4, 5);False;1;1553
;(16, 9);MoveWest;(4, 5);False;1;1554
;(16, 9);MoveWest;(4, 5);False;1;1555
;(16, 9);MoveWest;(4, 5);False;1;1556
MoveWest;(15, 9);MoveWest;(4, 5);False;1;1557
;(15, 9);MoveWest;(4, 5);False;1;1558
;(15, 9);MoveWest;(4, 5);False;1;1559
;(15, 9);MoveWest;(4, 5);False;1;1560
;(15, 9);MoveWest;(3, 5);False;1;1561
MoveWest;(14, 9);MoveNorthWest;(3, 5);False;1;1562
;(14, 9);MoveNorthWest;(3, 5);False;1;1563
;(14, 9);MoveNorthWest;(3, 5);False;1;1564
MoveWest;(13, 9);MoveNorthWest;(3, 5);False;1;1565
;(13, 9);MoveNorthWest;(3, 5);False;1;1566
;(13, 9);MoveNorthWest;(3, 5);False;1;1567
;(13, 9);MoveNorthWest;(3, 5);False;1;1568
MoveWest;(12, 9);MoveNorthWest;(3, 5);False;1;1569
;(12, 9);MoveNorthWest;(3, 5);False;1;1570
;(12, 9);MoveNorthWest;(3, 5);False;1;1571
;(12, 9);MoveNorthWest;(2, 4);False;1;1572
;(12, 9);MoveWest;(2, 4);False;1;1573
;(12, 9);MoveWest;(2, 4);False;1;1574
;(12, 9);MoveWest;(2, 4);False;1;1575
MoveSouth;(12, 10);MoveWest;(2, 4);False;1;1576
;(12, 10);MoveWest;(2, 4);False;1;1577
;(12, 10);MoveWest;(2, 4);False;1;1578
;(12, 10);MoveWest;(2, 4);False;1;1579
;(12, 10);MoveWest;(2, 4);False;1;1580
;(12, 10);MoveWest;(2, 4);False;1;1581
;(12, 10);MoveWest;(2, 4);False;1;1582
;(12, 10);MoveWest;(1, 4);False;1;1583
;(12, 10);DropLargeObject;(1, 4);False;1;1584
;(12, 10);DropLargeObject;(1, 4);False;1;1585
GrabObject;(12, 10);DropLargeObject;(1, 4);False;1;1586
;(12, 10);DropLargeObject;(1, 4);False;1;1587
;(12, 10);DropLargeObject;(1, 4);False;1;1588
;(12, 10);DropLargeObject;(1, 4);False;1;1589
;(12, 10);DropLargeObject;(1, 4);False;1;1590
;(12, 10);DropLargeObject;(1, 4);False;1;1591
;(12, 10);DropLargeObject;(1, 4);False;1;1592
MoveEast;(13, 10);DropLargeObject;(1, 4);False;1;1593
;(13, 10);DropLargeObject;(1, 4);False;1;1594
;(13, 10);;(1, 4);False;1;1595
;(13, 10);MoveEast;(1, 4);False;1;1596
MoveEast;(14, 10);MoveEast;(1, 4);False;1;1597
;(14, 10);MoveEast;(1, 4);False;1;1598
;(14, 10);MoveEast;(1, 4);False;1;1599
MoveEast;(15, 10);MoveEast;(1, 4);False;1;1600
;(15, 10);MoveEast;(1, 4);False;1;1601
;(15, 10);MoveEast;(1, 4);False;1;1602
;(15, 10);MoveEast;(1, 4);False;1;1603
MoveEast;(16, 10);MoveEast;(1, 4);False;1;1604
;(16, 10);MoveEast;(1, 4);False;1;1605
;(16, 10);MoveEast;(2, 4);False;1;1606
;(16, 10);MoveEast;(2, 4);False;1;1607
;(16, 10);MoveEast;(2, 4);False;1;1608
;(16, 10);MoveEast;(2, 4);False;1;1609
;(16, 10);MoveEast;(2, 4);False;1;1610
;(16, 10);MoveEast;(2, 4);False;1;1611
;(16, 10);MoveEast;(2, 4);False;1;1612
;(16, 10);MoveEast;(2, 4);False;1;1613
DropObject;(16, 10);MoveEast;(2, 4);False;1;1614
;(16, 10);MoveEast;(2, 4);False;1;1615
;(16, 10);MoveEast;(2, 4);False;1;1616
;(16, 10);MoveEast;(3, 4);False;1;1617
MoveWest;(15, 10);MoveWest;(3, 4);False;1;1618
;(15, 10);MoveWest;(3, 4);False;1;1619
;(15, 10);MoveWest;(3, 4);False;1;1620
;(15, 10);MoveWest;(3, 4);False;1;1621
MoveWest;(14, 10);MoveWest;(3, 4);False;1;1622
;(14, 10);MoveWest;(3, 4);False;1;1623
;(14, 10);MoveWest;(3, 4);False;1;1624
;(14, 10);MoveWest;(3, 4);False;1;1625
MoveWest;(13, 10);MoveWest;(3, 4);False;1;1626
;(13, 10);MoveWest;(3, 4);False;1;1627
;(13, 10);MoveWest;(2, 4);False;1;1628
MoveWest;(12, 10);MoveWest;(2, 4);False;1;1629
;(12, 10);MoveWest;(2, 4);False;1;1630
;(12, 10);MoveWest;(2, 4);False;1;1631
MoveWest;(11, 10);MoveWest;(2, 4);False;1;1632
;(11, 10);MoveWest;(2, 4);False;1;1633
;(11, 10);MoveWest;(2, 4);False;1;1634
;(11, 10);MoveWest;(2, 4);False;1;1635
MoveWest;(10, 10);MoveWest;(2, 4);False;1;1636
;(10, 10);MoveWest;(2, 4);False;1;1637
;(10, 10);MoveWest;(2, 4);False;1;1638
;(10, 10);MoveWest;(1, 4);False;1;1639
MoveWest;(9, 10);MoveEast;(1, 4);False;1;1640
;(9, 10);MoveEast;(1, 4);False;1;1641
;(9, 10);MoveEast;(1, 4);False;1;1642
;(9, 10);MoveEast;(1, 4);False;1;1643
MoveWest;(8, 10);MoveEast;(1, 4);False;1;1644
;(8, 10);MoveEast;(1, 4);False;1;1645
;(8, 10);MoveEast;(1, 4);False;1;1646
;(8, 10);MoveEast;(1, 4);False;1;1647
;(8, 10);MoveEast;(1, 4);False;1;1648
;(8, 10);MoveEast;(1, 4);False;1;1649
;(8, 10);MoveEast;(2, 4);False;1;1650
;(8, 10);MoveEast;(2, 4);False;1;1651
;(8, 10);MoveEast;(2, 4);False;1;1652
;(8, 10);MoveEast;(2, 4);False;1;1653
;(8, 10);MoveEast;(2, 4);False;1;1654
;(8, 10);MoveEast;(2, 4);False;1;1655
;(8, 10);MoveEast;(2, 4);False;1;1656
;(8, 10);MoveEast;(2, 4);False;1;1657
GrabObject;(8, 10);MoveEast;(2, 4);False;1;1658
;(8, 10);MoveEast;(2, 4);False;1;1659
;(8, 10);MoveEast;(2, 4);False;1;1660
MoveEast;(9, 10);MoveEast;(3, 4);False;1;1661
;(9, 10);MoveWest;(3, 4);False;1;1662
;(9, 10);MoveWest;(3, 4);False;1;1663
MoveEast;(10, 10);MoveWest;(3, 4);False;1;1664
;(10, 10);MoveWest;(3, 4);False;1;1665
;(10, 10);MoveWest;(3, 4);False;1;1666
;(10, 10);MoveWest;(3, 4);False;1;1667
MoveEast;(11, 10);MoveWest;(3, 4);False;1;1668
;(11, 10);MoveWest;(3, 4);False;1;1669
;(11, 10);MoveWest;(3, 4);False;1;1670
;(11, 10);MoveWest;(3, 4);False;1;1671
MoveEast;(12, 10);MoveWest;(2, 4);False;1;1672
;(12, 10);MoveWest;(2, 4);False;1;1673
;(12, 10);MoveWest;(2, 4);False;1;1674
MoveEast;(13, 10);MoveWest;(2, 4);False;1;1675
;(13, 10);MoveWest;(2, 4);False;1;1676
;(13, 10);MoveWest;(2, 4);False;1;1677
MoveEast;(14, 10);MoveWest;(2, 4);False;1;1678
;(14, 10);MoveWest;(2, 4);False;1;1679
;(14, 10);MoveWest;(2, 4);False;1;1680
;(14, 10);MoveWest;(2, 4);False;1;1681
MoveEast;(15, 10);MoveWest;(2, 4);False;1;1682
;(15, 10);MoveWest;(1, 4);False;1;1683
;(15, 10);MoveEast;(1, 4);False;1;1684
MoveEast;(16, 10);MoveEast;(1, 4);False;1;1685
;(16, 10);MoveEast;(1, 4);False;1;1686
;(16, 10);MoveEast;(1, 4);False;1;1687
DropObject;(16, 10);MoveEast;(1, 4);False;1;1688
;(16, 10);MoveEast;(1, 4);False;1;1689
MoveWest;(15, 10);MoveEast;(1, 4);False;1;1690
;(15, 10);MoveEast;(1, 4);False;1;1691
;(15, 10);MoveEast;(1, 4);False;1;1692
;(15, 10);MoveEast;(1, 4);False;1;1693
;(15, 10);MoveEast;(2, 4);False;1;1694
MoveWest;(14, 10);MoveEast;(2, 4);False;1;1695
;(14, 10);MoveEast;(2, 4);False;1;1696
;(14, 10);MoveEast;(2, 4);False;1;1697
MoveWest;(13, 10);MoveEast;(2, 4);False;1;1698
;(13, 10);MoveEast;(2, 4);False;1;1699
;(13, 10);MoveEast;(2, 4);False;1;1700
MoveWest;(12, 10);MoveEast;(2, 4);False;1;1701
;(12, 10);MoveEast;(2, 4);False;1;1702
;(12, 10);MoveEast;(2, 4);False;1;1703
;(12, 10);MoveEast;(2, 4);False;1;1704
MoveWest;(11, 10);MoveEast;(3, 4);False;1;1705
;(11, 10);MoveWest;(3, 4);False;1;1706
;(11, 10);MoveWest;(3, 4);False;1;1707
;(11, 10);MoveWest;(3, 4);False;1;1708
MoveWest;(10, 10);MoveWest;(3, 4);False;1;1709
;(10, 10);MoveWest;(3, 4);False;1;1710
;(10, 10);MoveWest;(3, 4);False;1;1711
MoveWest;(9, 10);MoveWest;(3, 4);False;1;1712
;(9, 10);MoveWest;(3, 4);False;1;1713
;(9, 10);MoveWest;(3, 4);False;1;1714
;(9, 10);MoveWest;(3, 4);False;1;1715
MoveWest;(8, 10);MoveWest;(2, 4);False;1;1716
;(8, 10);MoveWest;(2, 4);False;1;1717
;(8, 10);MoveWest;(2, 4);False;1;1718
MoveWest;(7, 10);MoveWest;(2, 4);False;1;1719
;(7, 10);MoveWest;(2, 4);False;1;1720
;(7, 10);MoveWest;(2, 4);False;1;1721
;(7, 10);MoveWest;(2, 4);False;1;1722
;(7, 10);MoveWest;(2, 4);False;1;1723
;(7, 10);MoveWest;(2, 4);False;1;1724
MoveNorth;(7, 9);MoveWest;(2, 4);False;1;1725
;(7, 9);MoveWest;(2, 4);False;1;1726
;(7, 9);MoveWest;(1, 4);False;1;1727
;(7, 9);;(1, 4);False;1;1728
MoveNorth;(7, 8);MoveEast;(1, 4);False;1;1729
;(7, 8);MoveEast;(1, 4);False;1;1730
;(7, 8);MoveEast;(1, 4);False;1;1731
;(7, 8);MoveEast;(1, 4);False;1;1732
;(7, 8);MoveEast;(1, 4);False;1;1733
;(7, 8);MoveEast;(1, 4);False;1;1734
;(7, 8);MoveEast;(1, 4);False;1;1735
;(7, 8);MoveEast;(1, 4);False;1;1736
GrabObject;(7, 8);MoveEast;(1, 4);False;1;1737
;(7, 8);MoveEast;(1, 4);False;1;1738
;(7, 8);MoveEast;(2, 4);False;1;1739
;(7, 8);MoveEast;(2, 4);False;1;1740
;(7, 8);MoveEast;(2, 4);False;1;1741
MoveEast;(8, 8);MoveEast;(2, 4);False;1;1742
;(8, 8);MoveEast;(2, 4);False;1;1743
;(8, 8);MoveEast;(2, 4);False;1;1744
MoveEast;(9, 8);MoveEast;(2, 4);False;1;1745
;(9, 8);MoveEast;(2, 4);False;1;1746
;(9, 8);MoveEast;(2, 4);False;1;1747
;(9, 8);MoveEast;(2, 4);False;1;1748
MoveEast;(10, 8);MoveEast;(2, 4);False;1;1749
;(10, 8);MoveEast;(3, 4);False;1;1750
;(10, 8);MoveWest;(3, 4);False;1;1751
;(10, 8);MoveWest;(3, 4);False;1;1752
MoveEast;(11, 8);MoveWest;(3, 4);False;1;1753
;(11, 8);MoveWest;(3, 4);False;1;1754
;(11, 8);MoveWest;(3, 4);False;1;1755
;(11, 8);MoveWest;(3, 4);False;1;1756
;(11, 8);MoveWest;(3, 4);False;1;1757
;(11, 8);MoveWest;(3, 4);False;1;1758
;(11, 8);MoveWest;(3, 4);False;1;1759
;(11, 8);MoveWest;(3, 4);False;1;1760
;(11, 8);MoveWest;(2, 4);False;1;1761
;(11, 8);MoveWest;(2, 4);False;1;1762
;(11, 8);MoveWest;(2, 4);False;1;1763
;(11, 8);MoveWest;(2, 4);False;1;1764
;(11, 8);MoveWest;(2, 4);False;1;1765
;(11, 8);MoveWest;(2, 4);False;1;1766
;(11, 8);MoveWest;(2, 4);False;1;1767
;(11, 8);MoveWest;(2, 4);False;1;1768
;(11, 8);MoveWest;(2, 4);False;1;1769
;(11, 8);MoveWest;(2, 4);False;1;1770
;(11, 8);MoveWest;(2, 4);False;1;1771
;(11, 8);MoveWest;(1, 4);False;1;1772
;(11, 8);MoveEast;(1, 4);False;1;1773
;(11, 8);MoveEast;(1, 4);False;1;1774
;(11, 8);MoveEast;(1, 4);False;1;1775
;(11, 8);MoveEast;(1, 4);False;1;1776
;(11, 8);MoveEast;(1, 4);False;1;1777
;(11, 8);MoveEast;(1, 4);False;1;1778
;(11, 8);MoveEast;(1, 4);False;1;1779
;(11, 8);MoveEast;(1, 4);False;1;1780
;(11, 8);MoveEast;(1, 4);False;1;1781
;(11, 8);MoveEast;(1, 4);False;1;1782
;(11, 8);MoveEast;(2, 4);False;1;1783
;(11, 8);MoveEast;(2, 4);False;1;1784
;(11, 8);MoveEast;(2, 4);False;1;1785
;(11, 8);MoveEast;(2, 4);False;1;1786
;(11, 8);MoveEast;(2, 4);False;1;1787
;(11, 8);MoveEast;(2, 4);False;1;1788
;(11, 8);MoveEast;(2, 4);False;1;1789
;(11, 8);MoveEast;(2, 4);False;1;1790
;(11, 8);MoveEast;(2, 4);False;1;1791
;(11, 8);MoveEast;(2, 4);False;1;1792
;(11, 8);MoveEast;(2, 4);False;1;1793
;(11, 8);MoveEast;(3, 4);False;1;1794
;(11, 8);MoveWest;(3, 4);False;1;1795
;(11, 8);MoveWest;(3, 4);False;1;1796
;(11, 8);MoveWest;(3, 4);False;1;1797
;(11, 8);MoveWest;(3, 4);False;1;1798
;(11, 8);MoveWest;(3, 4);False;1;1799
;(11, 8);MoveWest;(3, 4);False;1;1800
;(11, 8);MoveWest;(3, 4);False;1;1801
;(11, 8);MoveWest;(3, 4);False;1;1802
;(11, 8);MoveWest;(3, 4);False;1;1803
;(11, 8);MoveWest;(3, 4);False;1;1804
;(11, 8);MoveWest;(2, 4);False;1;1805
;(11, 8);MoveWest;(2, 4);False;1;1806
;(11, 8);MoveWest;(2, 4);False;1;1807
;(11, 8);MoveWest;(2, 4);False;1;1808
;(11, 8);MoveWest;(2, 4);False;1;1809
;(11, 8);MoveWest;(2, 4);False;1;1810
;(11, 8);MoveWest;(2, 4);False;1;1811
;(11, 8);MoveWest;(2, 4);False;1;1812
;(11, 8);MoveWest;(2, 4);False;1;1813
;(11, 8);MoveWest;(2, 4);False;1;1814
;(11, 8);MoveWest;(2, 4);False;1;1815
;(11, 8);MoveWest;(1, 4);False;1;1816
;(11, 8);MoveEast;(1, 4);False;1;1817
;(11, 8);MoveEast;(1, 4);False;1;1818
;(11, 8);MoveEast;(1, 4);False;1;1819
;(11, 8);MoveEast;(1, 4);False;1;1820
;(11, 8);MoveEast;(1, 4);False;1;1821
;(11, 8);MoveEast;(1, 4);False;1;1822
;(11, 8);MoveEast;(1, 4);False;1;1823
;(11, 8);MoveEast;(1, 4);False;1;1824
;(11, 8);MoveEast;(1, 4);False;1;1825
MoveWest;(10, 8);MoveEast;(1, 4);False;1;1826
;(10, 8);MoveEast;(2, 4);False;1;1827
;(10, 8);MoveEast;(2, 4);False;1;1828
;(10, 8);MoveEast;(2, 4);False;1;1829
;(10, 8);MoveEast;(2, 4);False;1;1830
;(10, 8);MoveEast;(2, 4);False;1;1831
MoveWest;(9, 8);MoveEast;(2, 4);False;1;1832
;(9, 8);MoveEast;(2, 4);False;1;1833
;(9, 8);MoveEast;(2, 4);False;1;1834
;(9, 8);MoveEast;(2, 4);False;1;1835
;(9, 8);MoveEast;(2, 4);False;1;1836
MoveWest;(8, 8);MoveEast;(2, 4);False;1;1837
;(8, 8);MoveEast;(3, 4);False;1;1838
;(8, 8);MoveWest;(3, 4);False;1;1839
;(8, 8);MoveWest;(3, 4);False;1;1840
;(8, 8);MoveWest;(3, 4);False;1;1841
;(8, 8);MoveWest;(3, 4);False;1;1842
;(8, 8);MoveWest;(3, 4);False;1;1843
;(8, 8);MoveWest;(3, 4);False;1;1844
;(8, 8);MoveWest;(3, 4);False;1;1845
;(8, 8);MoveWest;(3, 4);False;1;1846
;(8, 8);MoveWest;(3, 4);False;1;1847
;(8, 8);MoveWest;(3, 4);False;1;1848
;(8, 8);MoveWest;(2, 4);False;1;1849
;(8, 8);MoveWest;(2, 4);False;1;1850
;(8, 8);MoveWest;(2, 4);False;1;1851
;(8, 8);MoveWest;(2, 4);False;1;1852
;(8, 8);MoveWest;(2, 4);False;1;1853
;(8, 8);MoveWest;(2, 4);False;1;1854
;(8, 8);MoveWest;(2, 4);False;1;1855
;(8, 8);MoveWest;(2, 4);False;1;1856
;(8, 8);MoveWest;(2, 4);False;1;1857
;(8, 8);MoveWest;(2, 4);False;1;1858
;(8, 8);MoveWest;(2, 4);False;1;1859
;(8, 8);MoveWest;(1, 4);False;1;1860
;(8, 8);;(1, 4);False;1;1861
;(8, 8);MoveEast;(1, 4);False;1;1862
;(8, 8);MoveEast;(1, 4);False;1;1863
;(8, 8);MoveEast;(1, 4);False;1;1864
;(8, 8);MoveEast;(1, 4);False;1;1865
;(8, 8);MoveEast;(1, 4);False;1;1866
;(8, 8);MoveEast;(1, 4);False;1;1867
;(8, 8);MoveEast;(1, 4);False;1;1868
;(8, 8);MoveEast;(1, 4);False;1;1869
;(8, 8);MoveEast;(1, 4);False;1;1870
;(8, 8);MoveEast;(1, 4);False;1;1871
;(8, 8);MoveEast;(2, 4);False;1;1872
;(8, 8);MoveEast;(2, 4);False;1;1873
;(8, 8);MoveEast;(2, 4);False;1;1874
;(8, 8);MoveEast;(2, 4);False;1;1875
;(8, 8);MoveEast;(2, 4);False;1;1876
;(8, 8);MoveEast;(2, 4);False;1;1877
;(8, 8);MoveEast;(2, 4);False;1;1878
;(8, 8);MoveEast;(2, 4);False;1;1879
;(8, 8);MoveEast;(2, 4);False;1;1880
;(8, 8);MoveEast;(2, 4);False;1;1881
;(8, 8);MoveEast;(2, 4);False;1;1882
;(8, 8);MoveEast;(3, 4);False;1;1883
;(8, 8);MoveWest;(3, 4);False;1;1884
;(8, 8);MoveWest;(3, 4);False;1;1885
;(8, 8);MoveWest;(3, 4);False;1;1886
;(8, 8);MoveWest;(3, 4);False;1;1887
;(8, 8);MoveWest;(3, 4);False;1;1888
;(8, 8);MoveWest;(3, 4);False;1;1889
;(8, 8);MoveWest;(3, 4);False;1;1890
;(8, 8);MoveWest;(3, 4);False;1;1891
;(8, 8);MoveWest;(3, 4);False;1;1892
;(8, 8);MoveWest;(3, 4);False;1;1893
;(8, 8);MoveWest;(2, 4);False;1;1894
;(8, 8);MoveWest;(2, 4);False;1;1895
;(8, 8);MoveWest;(2, 4);False;1;1896
;(8, 8);MoveWest;(2, 4);False;1;1897
;(8, 8);MoveWest;(2, 4);False;1;1898
;(8, 8);MoveWest;(2, 4);False;1;1899
;(8, 8);MoveWest;(2, 4);False;1;1900
;(8, 8);MoveWest;(2, 4);False;1;1901
;(8, 8);MoveWest;(2, 4);False;1;1902
;(8, 8);MoveWest;(2, 4);False;1;1903
;(8, 8);MoveWest;(2, 4);False;1;1904
;(8, 8);MoveWest;(1, 4);False;1;1905
;(8, 8);MoveEast;(1, 4);False;1;1906
;(8, 8);MoveEast;(1, 4);False;1;1907
;(8, 8);MoveEast;(1, 4);False;1;1908
;(8, 8);MoveEast;(1, 4);False;1;1909
;(8, 8);MoveEast;(1, 4);False;1;1910
;(8, 8);MoveEast;(1, 4);False;1;1911
;(8, 8);MoveEast;(1, 4);False;1;1912
;(8, 8);MoveEast;(1, 4);False;1;1913
;(8, 8);MoveEast;(1, 4);False;1;1914
;(8, 8);MoveEast;(1, 4);False;1;1915
;(8, 8);MoveEast;(2, 4);False;1;1916
;(8, 8);MoveEast;(2, 4);False;1;1917
;(8, 8);MoveEast;(2, 4);False;1;1918
;(8, 8);MoveEast;(2, 4);False;1;1919
;(8, 8);MoveEast;(2, 4);False;1;1920
;(8, 8);MoveEast;(2, 4);False;1;1921
;(8, 8);MoveEast;(2, 4);False;1;1922
;(8, 8);MoveEast;(2, 4);False;1;1923
;(8, 8);MoveEast;(2, 4);False;1;1924
;(8, 8);MoveEast;(2, 4);False;1;1925
;(8, 8);MoveEast;(2, 4);False;1;1926
;(8, 8);MoveEast;(3, 4);False;1;1927
;(8, 8);MoveWest;(3, 4);False;1;1928
;(8, 8);MoveWest;(3, 4);False;1;1929
;(8, 8);MoveWest;(3, 4);False;1;1930
;(8, 8);MoveWest;(3, 4);False;1;1931
;(8, 8);MoveWest;(3, 4);False;1;1932
;(8, 8);MoveWest;(3, 4);False;1;1933
MoveWest;(7, 8);MoveWest;(3, 4);False;1;1934
;(7, 8);MoveWest;(3, 4);False;1;1935
;(7, 8);MoveWest;(3, 4);False;1;1936
;(7, 8);MoveWest;(3, 4);False;1;1937
;(7, 8);MoveWest;(2, 4);False;1;1938
;(7, 8);MoveWest;(2, 4);False;1;1939
;(7, 8);MoveWest;(2, 4);False;1;1940
;(7, 8);MoveWest;(2, 4);False;1;1941
;(7, 8);MoveWest;(2, 4);False;1;1942
;(7, 8);MoveWest;(2, 4);False;1;1943
;(7, 8);MoveWest;(2, 4);False;1;1944
;(7, 8);MoveWest;(2, 4);False;1;1945
;(7, 8);MoveWest;(2, 4);False;1;1946
GrabObject;(7, 8);MoveWest;(2, 4);False;1;1947
;(7, 8);MoveWest;(2, 4);False;1;1948
;(7, 8);MoveWest;(1, 4);False;1;1949
;(7, 8);MoveEast;(1, 4);False;1;1950
;(7, 8);MoveEast;(1, 4);False;1;1951
;(7, 8);MoveEast;(1, 4);False;1;1952
;(7, 8);MoveEast;(1, 4);False;1;1953
;(7, 8);MoveEast;(1, 4);False;1;1954
;(7, 8);MoveEast;(1, 4);False;1;1955
;(7, 8);MoveEast;(1, 4);False;1;1956
;(7, 8);MoveEast;(1, 4);False;1;1957
;(7, 8);MoveEast;(1, 4);False;1;1958
;(7, 8);MoveEast;(1, 4);False;1;1959
;(7, 8);MoveEast;(2, 4);False;1;1960
;(7, 8);MoveEast;(2, 4);False;1;1961
;(7, 8);MoveEast;(2, 4);False;1;1962
;(7, 8);MoveEast;(2, 4);False;1;1963
DropObject;(7, 8);MoveEast;(2, 4);False;1;1964
;(7, 8);MoveEast;(2, 4);False;1;1965
;(7, 8);MoveEast;(2, 4);False;1;1966
;(7, 8);MoveEast;(2, 4);False;1;1967
;(7, 8);MoveEast;(2, 4);False;1;1968
;(7, 8);MoveEast;(2, 4);False;1;1969
;(7, 8);MoveEast;(2, 4);False;1;1970
;(7, 8);MoveEast;(3, 4);False;1;1971
;(7, 8);MoveWest;(3, 4);False;1;1972
;(7, 8);MoveWest;(3, 4);False;1;1973
;(7, 8);MoveWest;(3, 4);False;1;1974
;(7, 8);MoveWest;(3, 4);False;1;1975
;(7, 8);MoveWest;(3, 4);False;1;1976
MoveWest;(6, 8);MoveWest;(3, 4);False;1;1977
;(6, 8);MoveWest;(3, 4);False;1;1978
;(6, 8);MoveWest;(3, 4);False;1;1979
;(6, 8);MoveWest;(3, 4);False;1;1980
;(6, 8);MoveWest;(3, 4);False;1;1981
MoveWest;(5, 8);MoveWest;(2, 4);False;1;1982
;(5, 8);MoveWest;(2, 4);False;1;1983
;(5, 8);MoveWest;(2, 4);False;1;1984
;(5, 8);MoveWest;(2, 4);False;1;1985
;(5, 8);MoveWest;(2, 4);False;1;1986
MoveWest;(4, 8);MoveWest;(2, 4);False;1;1987
;(4, 8);MoveWest;(2, 4);False;1;1988
;(4, 8);MoveWest;(2, 4);False;1;1989
;(4, 8);MoveWest;(2, 4);False;1;1990
;(4, 8);MoveWest;(2, 4);False;1;1991
;(4, 8);MoveWest;(2, 4);False;1;1992
;(4, 8);MoveWest;(1, 4);False;1;1993
MoveWest;(3, 8);;(1, 4);False;1;1994
MoveWest;(2, 8);MoveEast;(1, 4);False;1;1995
;(2, 8);MoveEast;(1, 4);False;1;1996
;(2, 8);MoveEast;(1, 4);False;1;1997
;(2, 8);MoveEast;(1, 4);False;1;1998
;(2, 8);MoveEast;(1, 4);False;1;1999
;(2, 8);MoveEast;(1, 4);False;1;2000
;(2, 8);MoveEast;(1, 4);False;1;2001
;(2, 8);MoveEast;(1, 4);False;1;2002
MoveEast;(3, 8);MoveEast;(1, 4);False;1;2003
;(3, 8);MoveEast;(1, 4);False;1;2004
;(3, 8);MoveEast;(2, 4);False;1;2005
;(3, 8);MoveEast;(2, 4);False;1;2006
;(3, 8);MoveEast;(2, 4);False;1;2007
MoveEast;(4, 8);MoveEast;(2, 4);False;1;2008
;(4, 8);MoveEast;(2, 4);False;1;2009
;(4, 8);MoveEast;(2, 4);False;1;2010
;(4, 8);MoveEast;(2, 4);False;1;2011
MoveEast;(5, 8);MoveEast;(2, 4);False;1;2012
;(5, 8);MoveEast;(2, 4);False;1;2013
;(5, 8);MoveEast;(2, 4);False;1;2014
MoveEast;(6, 8);MoveEast;(2, 4);False;1;2015
;(6, 8);MoveEast;(3, 4);False;1;2016
;(6, 8);MoveWest;(3, 4);False;1;2017
MoveEast;(7, 8);MoveWest;(3, 4);False;1;2018
;(7, 8);MoveWest;(3, 4);False;1;2019
;(7, 8);MoveWest;(3, 4);False;1;2020
;(7, 8);MoveWest;(3, 4);False;1;2021
MoveEast;(8, 8);MoveWest;(3, 4);False;1;2022
;(8, 8);MoveWest;(3, 4);False;1;2023
;(8, 8);MoveWest;(3, 4);False;1;2024
;(8, 8);MoveWest;(3, 4);False;1;2025
MoveEast;(9, 8);MoveWest;(3, 4);False;1;2026
;(9, 8);MoveWest;(2, 4);False;1;2027
;(9, 8);MoveWest;(2, 4);False;1;2028
;(9, 8);MoveWest;(2, 4);False;1;2029
MoveEast;(10, 8);MoveWest;(2, 4);False;1;2030
;(10, 8);MoveWest;(2, 4);False;1;2031
;(10, 8);MoveWest;(2, 4);False;1;2032
;(10, 8);MoveWest;(2, 4);False;1;2033
;(10, 8);MoveWest;(2, 4);False;1;2034
MoveEast;(11, 8);MoveWest;(2, 4);False;1;2035
;(11, 8);MoveWest;(2, 4);False;1;2036
;(11, 8);MoveWest;(2, 4);False;1;2037
MoveEast;(12, 8);MoveWest;(1, 4);False;1;2038
;(12, 8);MoveEast;(1, 4);False;1;2039
;(12, 8);MoveEast;(1, 4);False;1;2040
;(12, 8);MoveEast;(1, 4);False;1;2041
;(12, 8);MoveEast;(1, 4);False;1;2042
;(12, 8);MoveEast;(1, 4);False;1;2043
;(12, 8);MoveEast;(1, 4);False;1;2044
;(12, 8);MoveEast;(1, 4);False;1;2045
;(12, 8);MoveEast;(1, 4);False;1;2046
;(12, 8);MoveEast;(1, 4);False;1;2047
MoveEast;(13, 8);MoveEast;(1, 4);False;1;2048
;(13, 8);MoveEast;(2, 4);False;1;2049
;(13, 8);MoveEast;(2, 4);False;1;2050
;(13, 8);MoveEast;(2, 4);False;1;2051
MoveEast;(14, 8);MoveEast;(2, 4);False;1;2052
;(14, 8);MoveEast;(2, 4);False;1;2053
;(14, 8);MoveEast;(2, 4);False;1;2054
;(14, 8);MoveEast;(2, 4);False;1;2055
;(14, 8);MoveEast;(2, 4);False;1;2056
MoveEast;(15, 8);MoveEast;(2, 4);False;1;2057
;(15, 8);MoveEast;(2, 4);False;1;2058
;(15, 8);MoveEast;(2, 4);False;1;2059
;(15, 8);MoveEast;(3, 4);False;1;2060
;(15, 8);MoveWest;(3, 4);False;1;2061
;(15, 8);MoveWest;(3, 4);False;1;2062
;(15, 8);MoveWest;(3, 4);False;1;2063
MoveSouth;(15, 9);MoveWest;(3, 4);False;1;2064
;(15, 9);MoveWest;(3, 4);False;1;2065
;(15, 9);MoveWest;(3, 4);False;1;2066
;(15, 9);MoveWest;(3, 4);False;1;2067
MoveSouth;(15, 10);MoveWest;(3, 4);False;1;2068
;(15, 10);MoveWest;(3, 4);False;1;2069
;(15, 10);MoveWest;(3, 4);False;1;2070
;(15, 10);MoveWest;(2, 4);False;1;2071
;(15, 10);MoveWest;(2, 4);False;1;2072
;(15, 10);MoveWest;(2, 4);False;1;2073
;(15, 10);MoveWest;(2, 4);False;1;2074
;(15, 10);MoveWest;(2, 4);False;1;2075
;(15, 10);MoveWest;(2, 4);False;1;2076
;(15, 10);MoveWest;(2, 4);False;1;2077
MoveEast;(16, 10);MoveWest;(2, 4);False;1;2078
;(16, 10);MoveWest;(2, 4);False;1;2079
;(16, 10);MoveWest;(2, 4);False;1;2080
;(16, 10);MoveWest;(2, 4);False;1;2081
;(16, 10);MoveWest;(1, 4);False;1;2082
;(16, 10);MoveEast;(1, 4);False;1;2083
;(16, 10);MoveEast;(1, 4);False;1;2084
;(16, 10);MoveEast;(1, 4);False;1;2085
;(16, 10);MoveEast;(1, 4);False;1;2086
;(16, 10);MoveEast;(1, 4);False;1;2087
;(16, 10);MoveEast;(1, 4);False;1;2088
GrabObject;(16, 10);MoveEast;(1, 4);False;1;2089
;(16, 10);MoveEast;(1, 4);False;1;2090
;(16, 10);MoveEast;(1, 4);False;1;2091
;(16, 10);MoveEast;(1, 4);False;1;2092
;(16, 10);MoveEast;(2, 4);False;1;2093
;(16, 10);MoveEast;(2, 4);False;1;2094
;(16, 10);MoveEast;(2, 4);False;1;2095
;(16, 10);MoveEast;(2, 4);False;1;2096
;(16, 10);MoveEast;(2, 4);False;1;2097
;(16, 10);MoveEast;(2, 4);False;1;2098
;(16, 10);MoveEast;(2, 4);False;1;2099
;(16, 10);MoveEast;(2, 4);False;1;2100
MoveWest;(15, 10);MoveEast;(2, 4);False;1;2101
;(15, 10);MoveEast;(2, 4);False;1;2102
;(15, 10);MoveEast;(2, 4);False;1;2103
;(15, 10);MoveEast;(3, 4);False;1;2104
MoveWest;(14, 10);MoveWest;(3, 4);False;1;2105
;(14, 10);MoveWest;(3, 4);False;1;2106
;(14, 10);MoveWest;(3, 4);False;1;2107
;(14, 10);MoveWest;(3, 4);False;1;2108
MoveWest;(13, 10);MoveWest;(3, 4);False;1;2109
;(13, 10);MoveWest;(3, 4);False;1;2110
;(13, 10);MoveWest;(3, 4);False;1;2111
MoveWest;(12, 10);MoveWest;(3, 4);False;1;2112
;(12, 10);MoveWest;(3, 4);False;1;2113
;(12, 10);MoveWest;(3, 4);False;1;2114
;(12, 10);MoveWest;(2, 4);False;1;2115
MoveWest;(11, 10);MoveWest;(2, 4);False;1;2116
;(11, 10);MoveWest;(2, 4);False;1;2117
;(11, 10);MoveWest;(2, 4);False;1;2118
;(11, 10);MoveWest;(2, 4);False;1;2119
MoveWest;(10, 10);MoveWest;(2, 4);False;1;2120
;(10, 10);MoveWest;(2, 4);False;1;2121
;(10, 10);MoveWest;(2, 4);False;1;2122
;(10, 10);MoveWest;(2, 4);False;1;2123
;(10, 10);MoveWest;(2, 4);False;1;2124
MoveWest;(9, 10);MoveWest;(2, 4);False;1;2125
;(9, 10);MoveWest;(1, 4);False;1;2126
;(9, 10);;(1, 4);False;1;2127
;(9, 10);MoveEast;(1, 4);False;1;2128
;(9, 10);MoveEast;(1, 4);False;1;2129
;(9, 10);MoveEast;(1, 4);False;1;2130
;(9, 10);MoveEast;(1, 4);False;1;2131
;(9, 10);MoveEast;(1, 4);False;1;2132
;(9, 10);MoveEast;(1, 4);False;1;2133
;(9, 10);MoveEast;(1, 4);False;1;2134
MoveNorth;(9, 9);MoveEast;(1, 4);False;1;2135
;(9, 9);MoveEast;(1, 4);False;1;2136
;(9, 9);MoveEast;(1, 4);False;1;2137
;(9, 9);MoveEast;(2, 4);False;1;2138
MoveNorth;(9, 8);MoveEast;(2, 4);False;1;2139
;(9, 8);MoveEast;(2, 4);False;1;2140
;(9, 8);MoveEast;(2, 4);False;1;2141
;(9, 8);MoveEast;(2, 4);False;1;2142
MoveNorth;(9, 7);MoveEast;(2, 4);False;1;2143
;(9, 7);MoveEast;(2, 4);False;1;2144
;(9, 7);MoveEast;(2, 4);False;1;2145
;(9, 7);MoveEast;(2, 4);False;1;2146
;(9, 7);MoveEast;(2, 4);False;1;2147
;(9, 7);MoveEast;(2, 4);False;1;2148
;(9, 7);MoveEast;(3, 4);False;1;2149
;(9, 7);MoveWest;(3, 4);False;1;2150
;(9, 7);MoveWest;(3, 4);False;1;2151
;(9, 7);MoveWest;(3, 4);False;1;2152
;(9, 7);MoveWest;(3, 4);False;1;2153
;(9, 7);MoveWest;(3, 4);False;1;2154
;(9, 7);MoveWest;(3, 4);False;1;2155
;(9, 7);MoveWest;(3, 4);False;1;2156
MoveEast;(10, 7);MoveWest;(3, 4);False;1;2157
;(10, 7);MoveWest;(3, 4);False;1;2158
;(10, 7);MoveWest;(3, 4);False;1;2159
;(10, 7);MoveWest;(2, 4);False;1;2160
;(10, 7);MoveWest;(2, 4);False;1;2161
;(10, 7);MoveWest;(2, 4);False;1;2162
MoveEast;(11, 7);MoveWest;(2, 4);False;1;2163
;(11, 7);MoveWest;(2, 4);False;1;2164
;(11, 7);MoveWest;(2, 4);False;1;2165
;(11, 7);MoveWest;(2, 4);False;1;2166
;(11, 7);MoveWest;(2, 4);False;1;2167
;(11, 7);MoveWest;(2, 4);False;1;2168
;(11, 7);MoveWest;(2, 4);False;1;2169
;(11, 7);MoveWest;(2, 4);False;1;2170
MoveEast;(12, 7);MoveWest;(1, 4);False;1;2171
;(12, 7);MoveEast;(1, 4);False;1;2172
;(12, 7);MoveEast;(1, 4);False;1;2173
;(12, 7);MoveEast;(1, 4);False;1;2174
;(12, 7);MoveEast;(1, 4);False;1;2175
;(12, 7);MoveEast;(1, 4);False;1;2176
;(12, 7);MoveEast;(1, 4);False;1;2177
;(12, 7);MoveEast;(1, 4);False;1;2178
;(12, 7);MoveEast;(1, 4);False;1;2179
;(12, 7);MoveEast;(1, 4);False;1;2180
;(12, 7);MoveEast;(1, 4);False;1;2181
;(12, 7);MoveEast;(2, 4);False;1;2182
;(12, 7);MoveEast;(2, 4);False;1;2183
;(12, 7);MoveEast;(2, 4);False;1;2184
;(12, 7);MoveEast;(2, 4);False;1;2185
;(12, 7);MoveEast;(2, 4);False;1;2186
;(12, 7);MoveEast;(2, 4);False;1;2187
MoveWest;(11, 7);MoveEast;(2, 4);False;1;2188
;(11, 7);MoveEast;(2, 4);False;1;2189
;(11, 7);MoveEast;(2, 4);False;1;2190
MoveWest;(10, 7);MoveEast;(2, 4);False;1;2191
;(10, 7);MoveEast;(2, 4);False;1;2192
;(10, 7);MoveEast;(3, 4);False;1;2193
;(10, 7);MoveWest;(3, 4);False;1;2194
;(10, 7);MoveWest;(3, 4);False;1;2195
;(10, 7);MoveWest;(3, 4);False;1;2196
MoveWest;(9, 7);MoveWest;(3, 4);False;1;2197
;(9, 7);MoveWest;(3, 4);False;1;2198
;(9, 7);MoveWest;(3, 4);False;1;2199
;(9, 7);MoveWest;(3, 4);False;1;2200
;(9, 7);MoveWest;(3, 4);False;1;2201
MoveWest;(8, 7);MoveWest;(3, 4);False;1;2202
;(8, 7);MoveWest;(3, 4);False;1;2203
;(8, 7);MoveWest;(2, 4);False;1;2204
;(8, 7);MoveWest;(2, 4);False;1;2205
MoveWest;(7, 7);MoveWest;(2, 4);False;1;2206
;(7, 7);MoveWest;(2, 4);False;1;2207
;(7, 7);MoveWest;(2, 4);False;1;2208
;(7, 7);MoveWest;(2, 4);False;1;2209
;(7, 7);MoveWest;(2, 4);False;1;2210
;(7, 7);MoveWest;(2, 4);False;1;2211
;(7, 7);MoveWest;(2, 4);False;1;2212
;(7, 7);MoveWest;(2, 4);False;1;2213
DropObject;(7, 7);MoveWest;(2, 4);False;1;2214
;(7, 7);MoveWest;(1, 4);False;1;2215
;(7, 7);MoveEast;(1, 4);False;1;2216
;(7, 7);MoveEast;(1, 4);False;1;2217
;(7, 7);MoveEast;(1, 4);False;1;2218
;(7, 7);MoveEast;(1, 4);False;1;2219
;(7, 7);MoveEast;(1, 4);False;1;2220
;(7, 7);MoveEast;(1, 4);False;1;2221
;(7, 7);MoveEast;(1, 4);False;1;2222
;(7, 7);MoveEast;(1, 4);False;1;2223
;(7, 7);MoveEast;(1, 4);False;1;2224
;(7, 7);MoveEast;(1, 4);False;1;2225
;(7, 7);MoveEast;(2, 4);False;1;2226
;(7, 7);MoveEast;(2, 4);False;1;2227
;(7, 7);MoveEast;(2, 4);False;1;2228
;(7, 7);MoveEast;(2, 4);False;1;2229
;(7, 7);MoveEast;(2, 4);False;1;2230
;(7, 7);MoveEast;(2, 4);False;1;2231
;(7, 7);MoveEast;(2, 4);False;1;2232
;(7, 7);MoveEast;(2, 4);False;1;2233
;(7, 7);MoveEast;(2, 4);False;1;2234
;(7, 7);MoveEast;(2, 4);False;1;2235
;(7, 7);MoveEast;(2, 4);False;1;2236
;(7, 7);MoveEast;(3, 4);False;1;2237
;(7, 7);MoveWest;(3, 4);False;1;2238
;(7, 7);MoveWest;(3, 4);False;1;2239
;(7, 7);MoveWest;(3, 4);False;1;2240
;(7, 7);MoveWest;(3, 4);False;1;2241
;(7, 7);MoveWest;(3, 4);False;1;2242
;(7, 7);MoveWest;(3, 4);False;1;2243
;(7, 7);MoveWest;(3, 4);False;1;2244
;(7, 7);MoveWest;(3, 4);False;1;2245
;(7, 7);MoveWest;(3, 4);False;1;2246
;(7, 7);MoveWest;(3, 4);False;1;2247
;(7, 7);MoveWest;(2, 4);False;1;2248
;(7, 7);MoveWest;(2, 4);False;1;2249
;(7, 7);MoveWest;(2, 4);False;1;2250
;(7, 7);MoveWest;(2, 4);False;1;2251
;(7, 7);MoveWest;(2, 4);False;1;2252
;(7, 7);MoveWest;(2, 4);False;1;2253
;(7, 7);MoveWest;(2, 4);False;1;2254
;(7, 7);MoveWest;(2, 4);False;1;2255
;(7, 7);MoveWest;(2, 4);False;1;2256
;(7, 7);MoveWest;(2, 4);False;1;2257
;(7, 7);MoveWest;(2, 4);False;1;2258
;(7, 7);MoveWest;(1, 4);False;1;2259
;(7, 7);;(1, 4);False;1;2260
;(7, 7);MoveEast;(1, 4);False;1;2261
;(7, 7);MoveEast;(1, 4);False;1;2262
;(7, 7);MoveEast;(1, 4);False;1;2263
;(7, 7);MoveEast;(1, 4);False;1;2264
;(7, 7);MoveEast;(1, 4);False;1;2265
;(7, 7);MoveEast;(1, 4);False;1;2266
;(7, 7);MoveEast;(1, 4);False;1;2267
;(7, 7);MoveEast;(1, 4);False;1;2268
;(7, 7);MoveEast;(1, 4);False;1;2269
;(7, 7);MoveEast;(1, 4);False;1;2270
;(7, 7);MoveEast;(2, 4);False;1;2271
;(7, 7);MoveSouthEast;(2, 4);False;1;2272
;(7, 7);MoveSouthEast;(2, 4);False;1;2273
;(7, 7);MoveSouthEast;(2, 4);False;1;2274
;(7, 7);MoveSouthEast;(2, 4);False;1;2275
;(7, 7);MoveSouthEast;(2, 4);False;1;2276
;(7, 7);MoveSouthEast;(2, 4);False;1;2277
;(7, 7);MoveSouthEast;(2, 4);False;1;2278
;(7, 7);MoveSouthEast;(2, 4);False;1;2279
;(7, 7);MoveSouthEast;(2, 4);False;1;2280
;(7, 7);MoveSouthEast;(2, 4);False;1;2281
;(7, 7);MoveSouthEast;(3, 5);False;1;2282
;(7, 7);MoveEast;(3, 5);False;1;2283
;(7, 7);MoveEast;(3, 5);False;1;2284
;(7, 7);MoveEast;(3, 5);False;1;2285
;(7, 7);MoveEast;(3, 5);False;1;2286
;(7, 7);MoveEast;(3, 5);False;1;2287
;(7, 7);MoveEast;(3, 5);False;1;2288
;(7, 7);MoveEast;(3, 5);False;1;2289
;(7, 7);MoveEast;(3, 5);False;1;2290
;(7, 7);MoveEast;(3, 5);False;1;2291
;(7, 7);MoveEast;(3, 5);False;1;2292
;(7, 7);MoveEast;(4, 5);False;1;2293
;(7, 7);MoveEast;(4, 5);False;1;2294
;(7, 7);MoveEast;(4, 5);False;1;2295
;(7, 7);MoveEast;(4, 5);False;1;2296
;(7, 7);MoveEast;(4, 5);False;1;2297
;(7, 7);MoveEast;(4, 5);False;1;2298
;(7, 7);MoveEast;(4, 5);False;1;2299
;(7, 7);MoveEast;(4, 5);False;1;2300
;(7, 7);MoveEast;(4, 5);False;1;2301
;(7, 7);MoveEast;(4, 5);False;1;2302
;(7, 7);MoveEast;(4, 5);False;1;2303
;(7, 7);MoveEast;(5, 5);False;1;2304
;(7, 7);MoveSouthEast;(5, 5);False;1;2305
;(7, 7);MoveSouthEast;(5, 5);False;1;2306
;(7, 7);MoveSouthEast;(5, 5);False;1;2307
;(7, 7);MoveSouthEast;(5, 5);False;1;2308
;(7, 7);MoveSouthEast;(5, 5);False;1;2309
;(7, 7);MoveSouthEast;(5, 5);False;1;2310
;(7, 7);MoveSouthEast;(5, 5);False;1;2311
;(7, 7);MoveSouthEast;(5, 5);False;1;2312
;(7, 7);MoveSouthEast;(5, 5);False;1;2313
;(7, 7);MoveSouthEast;(5, 5);False;1;2314
;(7, 7);MoveSouthEast;(6, 6);False;1;2315
;(7, 7);BreakObject;(6, 6);False;1;2316
;(7, 7);BreakObject;(6, 6);False;1;2317
;(7, 7);BreakObject;(6, 6);False;1;2318
;(7, 7);BreakObject;(6, 6);False;1;2319
;(7, 7);BreakObject;(6, 6);False;1;2320
;(7, 7);BreakObject;(6, 6);False;1;2321
;(7, 7);BreakObject;(6, 6);False;1;2322
;(7, 7);BreakObject;(6, 6);False;1;2323
;(7, 7);BreakObject;(6, 6);False;1;2324
;(7, 7);BreakObject;(6, 6);False;1;2325
;(7, 7);BreakObject;(6, 6);False;1;2326
;(7, 7);;(6, 6);False;1;2327
;(7, 7);MoveEast;(6, 6);False;1;2328
;(7, 7);MoveEast;(6, 6);False;1;2329
;(7, 7);MoveEast;(6, 6);False;1;2330
;(7, 7);MoveEast;(6, 6);False;1;2331
;(7, 7);MoveEast;(6, 6);False;1;2332
;(7, 7);MoveEast;(6, 6);False;1;2333
;(7, 7);MoveEast;(6, 6);False;1;2334
;(7, 7);MoveEast;(6, 6);False;1;2335
;(7, 7);MoveEast;(6, 6);False;1;2336
;(7, 7);MoveEast;(6, 6);False;1;2337
;(7, 7);MoveEast;(7, 6);False;1;2338
;(7, 7);MoveEast;(7, 6);False;1;2339
;(7, 7);MoveEast;(7, 6);False;1;2340
;(7, 7);MoveEast;(7, 6);False;1;2341
;(7, 7);MoveEast;(7, 6);False;1;2342
;(7, 7);MoveEast;(7, 6);False;1;2343
;(7, 7);MoveEast;(7, 6);False;1;2344
;(7, 7);MoveEast;(7, 6);False;1;2345
;(7, 7);MoveEast;(7, 6);False;1;2346
;(7, 7);MoveEast;(7, 6);False;1;2347
;(7, 7);MoveEast;(7, 6);False;1;2348
;(7, 7);MoveEast;(8, 6);False;1;2349
;(7, 7);MoveSouthEast;(8, 6);False;1;2350
;(7, 7);MoveSouthEast;(8, 6);False;1;2351
;(7, 7);MoveSouthEast;(8, 6);False;1;2352
MoveEast;(8, 7);MoveSouthEast;(8, 6);False;1;2353
;(8, 7);MoveSouthEast;(8, 6);False;1;2354
;(8, 7);MoveSouthEast;(8, 6);False;1;2355
;(8, 7);MoveSouthEast;(8, 6);False;1;2356
MoveSouth;(8, 8);MoveSouthEast;(8, 6);False;1;2357
;(8, 8);MoveSouthEast;(8, 6);False;1;2358
;(8, 8);MoveSouthEast;(8, 6);False;1;2359
;(8, 8);MoveSouthEast;(9, 7);False;1;2360
;(8, 8);GrabLargeObject;(9, 7);False;1;2361
;(8, 8);GrabLargeObject;(9, 7);False;1;2362
MoveSouth;(8, 9);GrabLargeObject;(9, 7);False;1;2363
;(8, 9);GrabLargeObject;(9, 7);False;1;2364
;(8, 9);GrabLargeObject;(9, 7);False;1;2365
;(8, 9);GrabLargeObject;(9, 7);False;1;2366
;(8, 9);GrabLargeObject;(9, 7);False;1;2367
;(8, 9);GrabLargeObject;(9, 7);False;1;2368
;(8, 9);GrabLargeObject;(9, 7);False;1;2369
;(8, 9);GrabLargeObject;(9, 7);False;1;2370
;(8, 9);GrabLargeObject;(9, 7);False;1;2371
;(8, 9);;(9, 7);False;1;2372
;(8, 9);MoveWest;(9, 7);False;1;2373
;(8, 9);MoveWest;(9, 7);False;1;2374
;(8, 9);MoveWest;(9, 7);False;1;2375
;(8, 9);MoveWest;(9, 7);False;1;2376
;(8, 9);MoveWest;(9, 7);False;1;2377
MoveSouth;(8, 10);MoveWest;(9, 7);False;1;2378
;(8, 10);MoveWest;(9, 7);False;1;2379
;(8, 10);MoveWest;(9, 7);False;1;2380
;(8, 10);MoveWest;(9, 7);False;1;2381
;(8, 10);MoveWest;(9, 7);False;1;2382
;(8, 10);MoveWest;(8, 7);False;1;2383
;(8, 10);MoveWest;(8, 7);False;1;2384
;(8, 10);MoveWest;(8, 7);False;1;2385
GrabObject;(8, 10);MoveWest;(8, 7);False;1;2386
;(8, 10);MoveWest;(8, 7);False;1;2387
;(8, 10);MoveWest;(8, 7);False;1;2388
;(8, 10);MoveWest;(8, 7);False;1;2389
;(8, 10);MoveWest;(8, 7);False;1;2390
;(8, 10);MoveWest;(8, 7);False;1;2391
;(8, 10);MoveWest;(8, 7);False;1;2392
;(8, 10);MoveWest;(8, 7);False;1;2393
;(8, 10);MoveWest;(7, 7);False;1;2394
MoveWest;(7, 10);MoveWest;(7, 7);False;1;2395
;(7, 10);MoveWest;(7, 7);False;1;2396
;(7, 10);MoveWest;(7, 7);False;1;2397
;(7, 10);MoveWest;(7, 7);False;1;2398
MoveWest;(6, 10);MoveWest;(7, 7);False;1;2399
;(6, 10);MoveWest;(7, 7);False;1;2400
;(6, 10);MoveWest;(7, 7);False;1;2401
MoveWest;(5, 10);MoveWest;(7, 7);False;1;2402
;(5, 10);MoveWest;(7, 7);False;1;2403
;(5, 10);MoveWest;(7, 7);False;1;2404
MoveWest;(4, 10);MoveWest;(6, 7);False;1;2405
;(4, 10);MoveWest;(6, 7);False;1;2406
;(4, 10);MoveWest;(6, 7);False;1;2407
;(4, 10);MoveWest;(6, 7);False;1;2408
;(4, 10);MoveWest;(6, 7);False;1;2409
;(4, 10);MoveWest;(6, 7);False;1;2410
;(4, 10);MoveWest;(6, 7);False;1;2411
;(4, 10);MoveWest;(6, 7);False;1;2412
;(4, 10);MoveWest;(6, 7);False;1;2413
;(4, 10);MoveWest;(6, 7);False;1;2414
DropObject;(4, 10);MoveWest;(6, 7);False;1;2415
;(4, 10);MoveWest;(5, 7);False;1;2416
;(4, 10);MoveNorthWest;(5, 7);False;1;2417
;(4, 10);MoveNorthWest;(5, 7);False;1;2418
;(4, 10);MoveNorthWest;(5, 7);False;1;2419
MoveEast;(5, 10);MoveNorthWest;(5, 7);False;1;2420
;(5, 10);MoveNorthWest;(5, 7);False;1;2421
MoveEast;(6, 10);MoveNorthWest;(5, 7);False;1;2422
;(6, 10);MoveNorthWest;(5, 7);False;1;2423
;(6, 10);MoveNorthWest;(5, 7);False;1;2424
;(6, 10);MoveNorthWest;(5, 7);False;1;2425
MoveEast;(7, 10);MoveNorthWest;(5, 7);False;1;2426
;(7, 10);MoveNorthWest;(4, 6);False;1;2427
;(7, 10);MoveWest;(4, 6);False;1;2428
;(7, 10);MoveWest;(4, 6);False;1;2429
MoveEast;(8, 10);MoveWest;(4, 6);False;1;2430
;(8, 10);MoveWest;(4, 6);False;1;2431
;(8, 10);MoveWest;(4, 6);False;1;2432
;(8, 10);MoveWest;(4, 6);False;1;2433
MoveEast;(9, 10);MoveWest;(4, 6);False;1;2434
;(9, 10);MoveWest;(4, 6);False;1;2435
;(9, 10);MoveWest;(4, 6);False;1;2436
;(9, 10);MoveWest;(4, 6);False;1;2437
;(9, 10);MoveWest;(3, 6);False;1;2438
;(9, 10);MoveNorthWest;(3, 6);False;1;2439
;(9, 10);MoveNorthWest;(3, 6);False;1;2440
;(9, 10);MoveNorthWest;(3, 6);False;1;2441
;(9, 10);MoveNorthWest;(3, 6);False;1;2442
;(9, 10);MoveNorthWest;(3, 6);False;1;2443
;(9, 10);MoveNorthWest;(3, 6);False;1;2444
;(9, 10);MoveNorthWest;(3, 6);False;1;2445
MoveNorth;(9, 9);MoveNorthWest;(3, 6);False;1;2446
;(9, 9);MoveNorthWest;(3, 6);False;1;2447
;(9, 9);MoveNorthWest;(3, 6);False;1;2448
;(9, 9);MoveNorthWest;(2, 5);False;1;2449
MoveNorth;(9, 8);MoveWest;(2, 5);False;1;2450
;(9, 8);MoveWest;(2, 5);False;1;2451
;(9, 8);MoveWest;(2, 5);False;1;2452
;(9, 8);MoveWest;(2, 5);False;1;2453
;(9, 8);MoveWest;(2, 5);False;1;2454
;(9, 8);MoveWest;(2, 5);False;1;2455
;(9, 8);MoveWest;(2, 5);False;1;2456
;(9, 8);MoveWest;(2, 5);False;1;2457
;(9, 8);MoveWest;(2, 5);False;1;2458
;(9, 8);MoveWest;(2, 5);False;1;2459
;(9, 8);MoveWest;(1, 5);False;1;2460
;(9, 8);DropLargeObject;(1, 5);False;1;2461
GrabObject;(9, 8);DropLargeObject;(1, 5);False;1;2462
;(9, 8);DropLargeObject;(1, 5);False;1;2463
;(9, 8);DropLargeObject;(1, 5);False;1;2464
;(9, 8);DropLargeObject;(1, 5);False;1;2465
;(9, 8);DropLargeObject;(1, 5);False;1;2466
;(9, 8);DropLargeObject;(1, 5);False;1;2467
;(9, 8);DropLargeObject;(1, 5);False;1;2468
MoveWest;(8, 8);DropLargeObject;(1, 5);False;1;2469
;(8, 8);DropLargeObject;(1, 5);False;1;2470
;(8, 8);DropLargeObject;(1, 5);False;1;2471
;(8, 8);;(1, 5);False;1;2472
MoveWest;(7, 8);MoveEast;(1, 5);False;1;2473
;(7, 8);MoveEast;(1, 5);False;1;2474
;(7, 8);MoveEast;(1, 5);False;1;2475
MoveWest;(6, 8);MoveEast;(1, 5);False;1;2476
;(6, 8);MoveEast;(1, 5);False;1;2477
;(6, 8);MoveEast;(1, 5);False;1;2478
;(6, 8);MoveEast;(1, 5);False;1;2479
MoveWest;(5, 8);MoveEast;(1, 5);False;1;2480
;(5, 8);MoveEast;(1, 5);False;1;2481
;(5, 8);MoveEast;(1, 5);False;1;2482
;(5, 8);MoveEast;(2, 5);False;1;2483
;(5, 8);MoveEast;(2, 5);False;1;2484
;(5, 8);MoveEast;(2, 5);False;1;2485
;(5, 8);MoveEast;(2, 5);False;1;2486
;(5, 8);MoveEast;(2, 5);False;1;2487
;(5, 8);MoveEast;(2, 5);False;1;2488
;(5, 8);MoveEast;(2, 5);False;1;2489
;(5, 8);MoveEast;(2, 5);False;1;2490
;(5, 8);MoveEast;(2, 5);False;1;2491
;(5, 8);MoveEast;(2, 5);False;1;2492
;(5, 8);MoveEast;(2, 5);False;1;2493
;(5, 8);MoveEast;(3, 5);False;1;2494
;(5, 8);MoveEast;(3, 5);False;1;2495
;(5, 8);MoveEast;(3, 5);False;1;2496
;(5, 8);MoveEast;(3, 5);False;1;2497
DropObject;(5, 8);MoveEast;(3, 5);False;1;2498
;(5, 8);MoveEast;(3, 5);False;1;2499
;(5, 8);MoveEast;(3, 5);False;1;2500
;(5, 8);MoveEast;(3, 5);False;1;2501
;(5, 8);MoveEast;(3, 5);False;1;2502
;(5, 8);MoveEast;(3, 5);False;1;2503
;(5, 8);MoveEast;(3, 5);False;1;2504
;(5, 8);MoveEast;(4, 5);False;1;2505
MoveEast;(6, 8);MoveEast;(4, 5);False;1;2506
;(6, 8);MoveEast;(4, 5);False;1;2507
;(6, 8);MoveEast;(4, 5);False;1;2508
;(6, 8);MoveEast;(4, 5);False;1;2509
;(6, 8);MoveEast;(4, 5);False;1;2510
GrabObject;(6, 8);MoveEast;(4, 5);False;1;2511
;(6, 8);MoveEast;(4, 5);False;1;2512
;(6, 8);MoveEast;(4, 5);False;1;2513
MoveWest;(5, 8);MoveEast;(4, 5);False;1;2514
;(5, 8);MoveEast;(4, 5);False;1;2515
;(5, 8);MoveEast;(5, 5);False;1;2516
;(5, 8);MoveEast;(5, 5);False;1;2517
MoveWest;(4, 8);MoveEast;(5, 5);False;1;2518
;(4, 8);MoveEast;(5, 5);False;1;2519
;(4, 8);MoveEast;(5, 5);False;1;2520
;(4, 8);MoveEast;(5, 5);False;1;2521
;(4, 8);MoveEast;(5, 5);False;1;2522
MoveWest;(3, 8);MoveEast;(5, 5);False;1;2523
;(3, 8);MoveEast;(5, 5);False;1;2524
MoveWest;(2, 8);MoveEast;(5, 5);False;1;2525
;(2, 8);MoveEast;(5, 5);False;1;2526
;(2, 8);MoveEast;(6, 5);False;1;2527
;(2, 8);MoveSouthEast;(6, 5);False;1;2528
DropObject;(2, 8);MoveSouthEast;(6, 5);False;1;2529
;(2, 8);MoveSouthEast;(6, 5);False;1;2530
;(2, 8);MoveSouthEast;(6, 5);False;1;2531
;(2, 8);MoveSouthEast;(6, 5);False;1;2532
MoveEast;(3, 8);MoveSouthEast;(6, 5);False;1;2533
;(3, 8);MoveSouthEast;(6, 5);False;1;2534
;(3, 8);MoveSouthEast;(6, 5);False;1;2535
;(3, 8);MoveSouthEast;(6, 5);False;1;2536
MoveEast;(4, 8);MoveSouthEast;(6, 5);False;1;2537
;(4, 8);MoveSouthEast;(7, 6);False;1;2538
;(4, 8);GrabObject;(7, 6);False;1;2539
;(4, 8);GrabObject;(7, 6);False;1;2540
MoveSouth;(4, 9);GrabObject;(7, 6);False;1;2541
;(4, 9);GrabObject;(7, 6);False;1;2542
;(4, 9);GrabObject;(7, 6);False;1;2543
;(4, 9);GrabObject;(7, 6);False;1;2544
MoveEast;(5, 9);GrabObject;(7, 6);False;1;2545
;(5, 9);GrabObject;(7, 6);False;1;2546
;(5, 9);GrabObject;(7, 6);False;1;2547
;(5, 9);GrabObject;(7, 6);False;1;2548
;(5, 9);GrabObject;(7, 6);False;1;2549
MoveEast;(6, 9);;(7, 6);False;1;2550
;(6, 9);MoveSouth;(7, 6);False;1;2551
;(6, 9);MoveSouth;(7, 6);False;1;2552
;(6, 9);MoveSouth;(7, 6);False;1;2553
;(6, 9);MoveSouth;(7, 6);False;1;2554
MoveSouth;(6, 10);MoveSouth;(7, 6);False;1;2555
;(6, 10);MoveSouth;(7, 6);False;1;2556
;(6, 10);MoveSouth;(7, 6);False;1;2557
;(6, 10);MoveSouth;(7, 6);False;1;2558
;(6, 10);MoveSouth;(7, 6);False;1;2559
;(6, 10);MoveSouth;(7, 6);False;1;2560
;(6, 10);MoveSouth;(7, 7);False;1;2561
;(6, 10);GrabObject;(7, 7);False;1;2562
GrabObject;(6, 10);GrabObject;(7, 7);False;1;2563
;(6, 10);GrabObject;(7, 7);False;1;2564
;(6, 10);GrabObject;(7, 7);False;1;2565
;(6, 10);GrabObject;(7, 7);False;1;2566
MoveWest;(5, 10);GrabObject;(7, 7);False;1;2567
;(5, 10);GrabObject;(7, 7);False;1;2568
;(5, 10);GrabObject;(7, 7);False;1;2569
;(5, 10);GrabObject;(7, 7);False;1;2570
MoveWest;(4, 10);GrabObject;(7, 7);False;1;2571
;(4, 10);GrabObject;(7, 7);False;1;2572
;(4, 10);;(7, 7);False;1;2573
;(4, 10);MoveSouth;(7, 7);False;1;2574
MoveWest;(3, 10);MoveSouth;(7, 7);False;1;2575
;(3, 10);MoveSouth;(7, 7);False;1;2576
;(3, 10);MoveSouth;(7, 7);False;1;2577
MoveWest;(2, 10);MoveSouth;(7, 7);False;1;2578
;(2, 10);MoveSouth;(7, 7);False;1;2579
;(2, 10);MoveSouth;(7, 7);False;1;2580
;(2, 10);MoveSouth;(7, 7);False;1;2581
MoveWest;(1, 10);MoveSouth;(7, 7);False;1;2582
;(1, 10);MoveSouth;(7, 7);False;1;2583
;(1, 10);MoveSouth;(7, 8);False;1;2584
;(1, 10);GrabObject;(7, 8);False;1;2585
DropObject;(1, 10);GrabObject;(7, 8);False;1;2586
;(1, 10);GrabObject;(7, 8);False;1;2587
MoveEast;(2, 10);GrabObject;(7, 8);False;1;2588
;(2, 10);GrabObject;(7, 8);False;1;2589
;(2, 10);GrabObject;(7, 8);False;1;2590
;(2, 10);GrabObject;(7, 8);False;1;2591
MoveEast;(3, 10);GrabObject;(7, 8);False;1;2592
;(3, 10);GrabObject;(7, 8);False;1;2593
;(3, 10);GrabObject;(7, 8);False;1;2594
MoveEast;(4, 10);GrabObject;(7, 8);False;1;2595
;(4, 10);;(7, 8);False;1;2596
;(4, 10);MoveSouth;(7, 8);False;1;2597
;(4, 10);MoveSouth;(7, 8);False;1;2598
;(4, 10);MoveSouth;(7, 8);False;1;2599
;(4, 10);MoveSouth;(7, 8);False;1;2600
;(4, 10);MoveSouth;(7, 8);False;1;2601
;(4, 10);MoveSouth;(7, 8);False;1;2602
;(4, 10);MoveSouth;(7, 8);False;1;2603
GrabObject;(4, 10);MoveSouth;(7, 8);False;1;2604
;(4, 10);MoveSouth;(7, 8);False;1;2605
;(4, 10);MoveSouth;(7, 8);False;1;2606
MoveWest;(3, 10);MoveSouth;(7, 9);False;1;2607
;(3, 10);GrabObject;(7, 9);False;1;2608
;(3, 10);GrabObject;(7, 9);False;1;2609
;(3, 10);GrabObject;(7, 9);False;1;2610
MoveWest;(2, 10);GrabObject;(7, 9);False;1;2611
;(2, 10);GrabObject;(7, 9);False;1;2612
;(2, 10);GrabObject;(7, 9);False;1;2613
MoveWest;(1, 10);GrabObject;(7, 9);False;1;2614
;(1, 10);GrabObject;(7, 9);False;1;2615
;(1, 10);GrabObject;(7, 9);False;1;2616
;(1, 10);GrabObject;(7, 9);False;1;2617
;(1, 10);GrabObject;(7, 9);False;1;2618
;(1, 10);;(7, 9);False;1;2619
DropObject;(1, 10);MoveEast;(7, 9);False;1;2620
;(1, 10);MoveEast;(7, 9);False;1;2621
;(1, 10);MoveEast;(7, 9);False;1;2622
;(1, 10);MoveEast;(7, 9);False;1;2623
MoveEast;(2, 10);MoveEast;(7, 9);False;1;2624
;(2, 10);MoveEast;(7, 9);False;1;2625
;(2, 10);MoveEast;(7, 9);False;1;2626
MoveEast;(3, 10);MoveEast;(7, 9);False;1;2627
;(3, 10);MoveEast;(7, 9);False;1;2628
;(3, 10);MoveEast;(7, 9);False;1;2629
;(3, 10);MoveEast;(8, 9);False;1;2630
MoveEast;(4, 10);MoveEast;(8, 9);False;1;2631
;(4, 10);MoveEast;(8, 9);False;1;2632
;(4, 10);MoveEast;(8, 9);False;1;2633
MoveEast;(5, 10);MoveEast;(8, 9);False;1;2634
;(5, 10);MoveEast;(8, 9);False;1;2635
;(5, 10);MoveEast;(8, 9);False;1;2636
;(5, 10);MoveEast;(8, 9);False;1;2637
;(5, 10);MoveEast;(8, 9);False;1;2638
;(5, 10);MoveEast;(8, 9);False;1;2639
;(5, 10);MoveEast;(8, 9);False;1;2640
;(5, 10);MoveEast;(9, 9);False;1;2641
;(5, 10);GrabObject;(9, 9);False;1;2642
;(5, 10);GrabObject;(9, 9);False;1;2643
;(5, 10);GrabObject;(9, 9);False;1;2644
;(5, 10);GrabObject;(9, 9);False;1;2645
;(5, 10);GrabObject;(9, 9);False;1;2646
;(5, 10);GrabObject;(9, 9);False;1;2647
GrabObject;(5, 10);GrabObject;(9, 9);False;1;2648
;(5, 10);GrabObject;(9, 9);False;1;2649
;(5, 10);GrabObject;(9, 9);False;1;2650
;(5, 10);GrabObject;(9, 9);False;1;2651
MoveWest;(4, 10);GrabObject;(9, 9);False;1;2652
;(4, 10);;(9, 9);False;1;2653
;(4, 10);MoveEast;(9, 9);False;1;2654
;(4, 10);MoveEast;(9, 9);False;1;2655
MoveWest;(3, 10);MoveEast;(9, 9);False;1;2656
;(3, 10);MoveEast;(9, 9);False;1;2657
;(3, 10);MoveEast;(9, 9);False;1;2658
;(3, 10);MoveEast;(9, 9);False;1;2659
MoveWest;(2, 10);MoveEast;(9, 9);False;1;2660
;(2, 10);MoveEast;(9, 9);False;1;2661
;(2, 10);MoveEast;(9, 9);False;1;2662
;(2, 10);MoveEast;(9, 9);False;1;2663
MoveWest;(1, 10);MoveEast;(10, 9);False;1;2664
;(1, 10);MoveEast;(10, 9);False;1;2665
;(1, 10);MoveEast;(10, 9);False;1;2666
;(1, 10);MoveEast;(10, 9);False;1;2667
;(1, 10);MoveEast;(10, 9);False;1;2668
;(1, 10);MoveEast;(10, 9);False;1;2669
DropObject;(1, 10);MoveEast;(10, 9);False;1;2670
;(1, 10);MoveEast;(10, 9);False;1;2671
MoveEast;(2, 10);MoveEast;(10, 9);False;1;2672
;(2, 10);MoveEast;(10, 9);False;1;2673
;(2, 10);MoveEast;(10, 9);False;1;2674
;(2, 10);MoveEast;(11, 9);False;1;2675
MoveEast;(3, 10);MoveWest;(11, 9);False;1;2676
;(3, 10);MoveWest;(11, 9);False;1;2677
;(3, 10);MoveWest;(11, 9);False;1;2678
;(3, 10);MoveWest;(11, 9);False;1;2679
MoveEast;(4, 10);MoveWest;(11, 9);False;1;2680
;(4, 10);MoveWest;(11, 9);False;1;2681
;(4, 10);MoveWest;(11, 9);False;1;2682
;(4, 10);MoveWest;(11, 9);False;1;2683
;(4, 10);MoveWest;(11, 9);False;1;2684
;(4, 10);MoveWest;(11, 9);False;1;2685
MoveEast;(5, 10);MoveWest;(10, 9);False;1;2686
;(5, 10);MoveWest;(10, 9);False;1;2687
;(5, 10);MoveWest;(10, 9);False;1;2688
;(5, 10);MoveWest;(10, 9);False;1;2689
;(5, 10);MoveWest;(10, 9);False;1;2690
;(5, 10);MoveWest;(10, 9);False;1;2691
;(5, 10);MoveWest;(10, 9);False;1;2692
;(5, 10);MoveWest;(10, 9);False;1;2693
;(5, 10);MoveWest;(10, 9);False;1;2694
;(5, 10);MoveWest;(10, 9);False;1;2695
;(5, 10);MoveWest;(10, 9);False;1;2696
;(5, 10);MoveWest;(9, 9);False;1;2697
MoveEast;(6, 10);MoveEast;(9, 9);False;1;2698
;(6, 10);MoveEast;(9, 9);False;1;2699
;(6, 10);MoveEast;(9, 9);False;1;2700
;(6, 10);MoveEast;(9, 9);False;1;2701
;(6, 10);MoveEast;(9, 9);False;1;2702
;(6, 10);MoveEast;(9, 9);False;1;2703
DropObject;(6, 10);MoveEast;(9, 9);False;1;2704
;(6, 10);MoveEast;(9, 9);False;1;2705
;(6, 10);MoveEast;(9, 9);False;1;2706
MoveWest;(5, 10);MoveEast;(9, 9);False;1;2707
;(5, 10);MoveEast;(10, 9);False;1;2708
;(5, 10);MoveEast;(10, 9);False;1;2709
;(5, 10);MoveEast;(10, 9);False;1;2710
MoveWest;(4, 10);MoveEast;(10, 9);False;1;2711
;(4, 10);MoveEast;(10, 9);False;1;2712
;(4, 10);MoveEast;(10, 9);False;1;2713
MoveWest;(3, 10);MoveEast;(10, 9);False;1;2714
;(3, 10);MoveEast;(10, 9);False;1;2715
;(3, 10);MoveEast;(10, 9);False;1;2716
;(3, 10);MoveEast;(10, 9);False;1;2717
MoveWest;(2, 10);MoveEast;(10, 9);False;1;2718
;(2, 10);MoveEast;(11, 9);False;1;2719
;(2, 10);MoveWest;(11, 9);False;1;2720
;(2, 10);MoveWest;(11, 9);False;1;2721
MoveEast;(3, 10);MoveWest;(11, 9);False;1;2722
;(3, 10);MoveWest;(11, 9);False;1;2723
;(3, 10);MoveWest;(11, 9);False;1;2724
;(3, 10);MoveWest;(11, 9);False;1;2725
MoveEast;(4, 10);MoveWest;(11, 9);False;1;2726
;(4, 10);MoveWest;(11, 9);False;1;2727
;(4, 10);MoveWest;(11, 9);False;1;2728
;(4, 10);MoveWest;(11, 9);False;1;2729
MoveEast;(5, 10);MoveWest;(10, 9);False;1;2730
;(5, 10);MoveWest;(10, 9);False;1;2731
;(5, 10);MoveWest;(10, 9);False;1;2732
MoveEast;(6, 10);MoveWest;(10, 9);False;1;2733
;(6, 10);MoveWest;(10, 9);False;1;2734
;(6, 10);MoveWest;(10, 9);False;1;2735
;(6, 10);MoveWest;(10, 9);False;1;2736
;(6, 10);MoveWest;(10, 9);False;1;2737
;(6, 10);MoveWest;(10, 9);False;1;2738
;(6, 10);MoveWest;(10, 9);False;1;2739
;(6, 10);MoveWest;(10, 9);False;1;2740
;(6, 10);MoveWest;(9, 9);False;1;2741
;(6, 10);MoveEast;(9, 9);False;1;2742
;(6, 10);MoveEast;(9, 9);False;1;2743
GrabObject;(6, 10);MoveEast;(9, 9);False;1;2744
;(6, 10);MoveEast;(9, 9);False;1;2745
;(6, 10);MoveEast;(9, 9);False;1;2746
;(6, 10);MoveEast;(9, 9);False;1;2747
;(6, 10);MoveEast;(9, 9);False;1;2748
MoveWest;(5, 10);MoveEast;(9, 9);False;1;2749
;(5, 10);MoveEast;(9, 9);False;1;2750
;(5, 10);MoveEast;(9, 9);False;1;2751
;(5, 10);MoveEast;(10, 9);False;1;2752
MoveWest;(4, 10);MoveEast;(10, 9);False;1;2753
;(4, 10);MoveEast;(10, 9);False;1;2754
;(4, 10);MoveEast;(10, 9);False;1;2755
MoveWest;(3, 10);MoveEast;(10, 9);False;1;2756
;(3, 10);MoveEast;(10, 9);False;1;2757
;(3, 10);MoveEast;(10, 9);False;1;2758
;(3, 10);MoveEast;(10, 9);False;1;2759
MoveWest;(2, 10);MoveEast;(10, 9);False;1;2760
;(2, 10);MoveEast;(10, 9);False;1;2761
;(2, 10);MoveEast;(10, 9);False;1;2762
;(2, 10);MoveEast;(11, 9);False;1;2763
;(2, 10);MoveWest;(11, 9);False;1;2764
MoveWest;(1, 10);MoveWest;(11, 9);False;1;2765
;(1, 10);MoveWest;(11, 9);False;1;2766
;(1, 10);MoveWest;(11, 9);False;1;2767
;(1, 10);MoveWest;(11, 9);False;1;2768
MoveWest;(0, 10);MoveWest;(11, 9);False;1;2769
;(0, 10);MoveWest;(11, 9);False;1;2770
;(0, 10);MoveWest;(11, 9);False;1;2771
;(0, 10);MoveWest;(11, 9);False;1;2772
;(0, 10);MoveWest;(11, 9);False;1;2773
DropObject;(0, 10);MoveWest;(10, 9);False;1;2774
;(0, 10);MoveWest;(10, 9);False;1;2775
;(0, 10);MoveWest;(10, 9);False;1;2776
;(0, 10);MoveWest;(10, 9);False;1;2777
;(0, 10);MoveWest;(10, 9);False;1;2778
MoveEast;(1, 10);MoveWest;(10, 9);False;1;2779
;(1, 10);MoveWest;(10, 9);False;1;2780
;(1, 10);MoveWest;(10, 9);False;1;2781
;(1, 10);MoveWest;(10, 9);False;1;2782
MoveEast;(2, 10);MoveWest;(10, 9);False;1;2783
;(2, 10);MoveWest;(10, 9);False;1;2784
;(2, 10);MoveWest;(9, 9);False;1;2785
;(2, 10);;(9, 9);False;1;2786
MoveEast;(3, 10);MoveEast;(9, 9);False;1;2787
;(3, 10);MoveEast;(9, 9);False;1;2788
MoveEast;(4, 10);MoveEast;(9, 9);False;1;2789
;(4, 10);MoveEast;(9, 9);False;1;2790
;(4, 10);MoveEast;(9, 9);False;1;2791
;(4, 10);MoveEast;(9, 9);False;1;2792
MoveEast;(5, 10);MoveEast;(9, 9);False;1;2793
;(5, 10);MoveEast;(9, 9);False;1;2794
;(5, 10);MoveEast;(9, 9);False;1;2795
MoveEast;(6, 10);MoveEast;(9, 9);False;1;2796
;(6, 10);MoveEast;(10, 9);False;1;2797
;(6, 10);MoveEast;(10, 9);False;1;2798
MoveEast;(7, 10);MoveEast;(10, 9);False;1;2799
;(7, 10);MoveEast;(10, 9);False;1;2800
;(7, 10);MoveEast;(10, 9);False;1;2801
;(7, 10);MoveEast;(10, 9);False;1;2802
MoveEast;(8, 10);MoveEast;(10, 9);False;1;2803
;(8, 10);MoveEast;(10, 9);False;1;2804
;(8, 10);MoveEast;(10, 9);False;1;2805
;(8, 10);MoveEast;(10, 9);False;1;2806
;(8, 10);MoveEast;(10, 9);False;1;2807
;(8, 10);MoveEast;(11, 9);False;1;2808
;(8, 10);MoveWest;(11, 9);False;1;2809
;(8, 10);MoveWest;(11, 9);False;1;2810
MoveWest;(7, 10);MoveWest;(11, 9);False;1;2811
;(7, 10);MoveWest;(11, 9);False;1;2812
;(7, 10);MoveWest;(11, 9);False;1;2813
GrabObject;(7, 10);MoveWest;(11, 9);False;1;2814
;(7, 10);MoveWest;(11, 9);False;1;2815
;(7, 10);MoveWest;(11, 9);False;1;2816
MoveEast;(8, 10);MoveWest;(11, 9);False;1;2817
;(8, 10);MoveWest;(11, 9);False;1;2818
;(8, 10);MoveWest;(10, 9);False;1;2819
;(8, 10);MoveWest;(10, 9);False;1;2820
;(8, 10);MoveWest;(10, 9);False;1;2821
;(8, 10);MoveWest;(10, 9);False;1;2822
MoveWest;(7, 10);MoveWest;(10, 9);False;1;2823
;(7, 10);MoveWest;(10, 9);False;1;2824
;(7, 10);MoveWest;(10, 9);False;1;2825
;(7, 10);MoveWest;(10, 9);False;1;2826
MoveWest;(6, 10);MoveWest;(10, 9);False;1;2827
;(6, 10);MoveWest;(10, 9);False;1;2828
;(6, 10);MoveWest;(10, 9);False;1;2829
;(6, 10);MoveWest;(9, 9);False;1;2830
MoveWest;(5, 10);MoveEast;(9, 9);False;1;2831
;(5, 10);MoveEast;(9, 9);False;1;2832
;(5, 10);MoveEast;(9, 9);False;1;2833
;(5, 10);MoveEast;(9, 9);False;1;2834
MoveWest;(4, 10);MoveEast;(9, 9);False;1;2835
;(4, 10);MoveEast;(9, 9);False;1;2836
;(4, 10);MoveEast;(9, 9);False;1;2837
MoveWest;(3, 10);MoveEast;(9, 9);False;1;2838
;(3, 10);MoveEast;(9, 9);False;1;2839
;(3, 10);MoveEast;(9, 9);False;1;2840
;(3, 10);MoveEast;(10, 9);False;1;2841
MoveWest;(2, 10);MoveEast;(10, 9);False;1;2842
;(2, 10);MoveEast;(10, 9);False;1;2843
;(2, 10);MoveEast;(10, 9);False;1;2844
MoveWest;(1, 10);MoveEast;(10, 9);False;1;2845
;(1, 10);MoveEast;(10, 9);False;1;2846
;(1, 10);MoveEast;(10, 9);False;1;2847
;(1, 10);MoveEast;(10, 9);False;1;2848
;(1, 10);MoveEast;(10, 9);False;1;2849
;(1, 10);MoveEast;(10, 9);False;1;2850
;(1, 10);MoveEast;(10, 9);False;1;2851
DropObject;(1, 10);MoveEast;(11, 9);False;1;2852
;(1, 10);MoveWest;(11, 9);False;1;2853
;(1, 10);MoveWest;(11, 9);False;1;2854
;(1, 10);MoveWest;(11, 9);False;1;2855
MoveEast;(2, 10);MoveWest;(11, 9);False;1;2856
;(2, 10);MoveWest;(11, 9);False;1;2857
;(2, 10);MoveWest;(11, 9);False;1;2858
;(2, 10);MoveWest;(11, 9);False;1;2859
MoveEast;(3, 10);MoveWest;(11, 9);False;1;2860
;(3, 10);MoveWest;(11, 9);False;1;2861
;(3, 10);MoveWest;(11, 9);False;1;2862
;(3, 10);MoveWest;(10, 9);False;1;2863
MoveEast;(4, 10);MoveWest;(10, 9);False;1;2864
;(4, 10);MoveWest;(10, 9);False;1;2865
;(4, 10);MoveWest;(10, 9);False;1;2866
;(4, 10);MoveWest;(10, 9);False;1;2867
MoveEast;(5, 10);MoveWest;(10, 9);False;1;2868
;(5, 10);MoveWest;(10, 9);False;1;2869
;(5, 10);MoveWest;(10, 9);False;1;2870
MoveEast;(6, 10);MoveWest;(10, 9);False;1;2871
;(6, 10);MoveWest;(10, 9);False;1;2872
;(6, 10);MoveWest;(10, 9);False;1;2873
;(6, 10);MoveWest;(9, 9);False;1;2874
;(6, 10);MoveEast;(9, 9);False;1;2875
MoveEast;(7, 10);MoveEast;(9, 9);False;1;2876
;(7, 10);MoveEast;(9, 9);False;1;2877
MoveEast;(8, 10);MoveEast;(9, 9);False;1;2878
;(8, 10);MoveEast;(9, 9);False;1;2879
;(8, 10);MoveEast;(9, 9);False;1;2880
;(8, 10);MoveEast;(9, 9);False;1;2881
;(8, 10);MoveEast;(9, 9);False;1;2882
MoveEast;(9, 10);MoveEast;(9, 9);False;1;2883
;(9, 10);MoveEast;(9, 9);False;1;2884
;(9, 10);MoveEast;(10, 9);False;1;2885
;(9, 10);MoveEast;(10, 9);False;1;2886
;(9, 10);MoveEast;(10, 9);False;1;2887
;(9, 10);MoveEast;(10, 9);False;1;2888
;(9, 10);MoveEast;(10, 9);False;1;2889
;(9, 10);MoveEast;(10, 9);False;1;2890
;(9, 10);MoveEast;(10, 9);False;1;2891
GrabObject;(9, 10);MoveEast;(10, 9);False;1;2892
;(9, 10);MoveEast;(10, 9);False;1;2893
;(9, 10);MoveEast;(10, 9);False;1;2894
;(9, 10);MoveEast;(10, 9);False;1;2895
;(9, 10);MoveEast;(11, 9);False;1;2896
MoveWest;(8, 10);MoveWest;(11, 9);False;1;2897
;(8, 10);MoveWest;(11, 9);False;1;2898
;(8, 10);MoveWest;(11, 9);False;1;2899
;(8, 10);MoveWest;(11, 9);False;1;2900
MoveWest;(7, 10);MoveWest;(11, 9);False;1;2901
;(7, 10);MoveWest;(11, 9);False;1;2902
;(7, 10);MoveWest;(11, 9);False;1;2903
MoveWest;(6, 10);MoveWest;(11, 9);False;1;2904
;(6, 10);MoveWest;(11, 9);False;1;2905
;(6, 10);MoveWest;(11, 9);False;1;2906
;(6, 10);MoveWest;(10, 9);False;1;2907
MoveWest;(5, 10);MoveWest;(10, 9);False;1;2908
;(5, 10);MoveWest;(10, 9);False;1;2909
;(5, 10);MoveWest;(10, 9);False;1;2910
MoveWest;(4, 10);MoveWest;(10, 9);False;1;2911
;(4, 10);MoveWest;(10, 9);False;1;2912
;(4, 10);MoveWest;(10, 9);False;1;2913
MoveWest;(3, 10);MoveWest;(10, 9);False;1;2914
;(3, 10);MoveWest;(10, 9);False;1;2915
;(3, 10);MoveWest;(10, 9);False;1;2916
;(3, 10);MoveWest;(10, 9);False;1;2917
MoveWest;(2, 10);MoveWest;(9, 9);False;1;2918
;(2, 10);;(9, 9);False;1;2919
;(2, 10);MoveWest;(9, 9);False;1;2920
;(2, 10);MoveWest;(9, 9);False;1;2921
;(2, 10);MoveWest;(9, 9);False;1;2922
;(2, 10);MoveWest;(9, 9);False;1;2923
DropObject;(2, 10);MoveWest;(9, 9);False;1;2924
;(2, 10);MoveWest;(9, 9);False;1;2925
MoveEast;(3, 10);MoveWest;(9, 9);False;1;2926
;(3, 10);MoveWest;(9, 9);False;1;2927
;(3, 10);MoveWest;(9, 9);False;1;2928
;(3, 10);MoveWest;(9, 9);False;1;2929
MoveEast;(4, 10);MoveWest;(8, 9);False;1;2930
;(4, 10);MoveWest;(8, 9);False;1;2931
;(4, 10);MoveWest;(8, 9);False;1;2932
;(4, 10);MoveWest;(8, 9);False;1;2933
MoveEast;(5, 10);MoveWest;(8, 9);False;1;2934
;(5, 10);MoveWest;(8, 9);False;1;2935
;(5, 10);MoveWest;(8, 9);False;1;2936
;(5, 10);MoveWest;(8, 9);False;1;2937
MoveEast;(6, 10);MoveWest;(8, 9);False;1;2938
;(6, 10);MoveWest;(8, 9);False;1;2939
;(6, 10);MoveWest;(8, 9);False;1;2940
;(6, 10);MoveWest;(7, 9);False;1;2941
MoveEast;(7, 10);MoveWest;(7, 9);False;1;2942
;(7, 10);MoveWest;(7, 9);False;1;2943
;(7, 10);MoveWest;(7, 9);False;1;2944
MoveEast;(8, 10);MoveWest;(7, 9);False;1;2945
;(8, 10);MoveWest;(7, 9);False;1;2946
;(8, 10);MoveWest;(7, 9);False;1;2947
;(8, 10);MoveWest;(7, 9);False;1;2948
;(8, 10);MoveWest;(7, 9);False;1;2949
MoveEast;(9, 10);MoveWest;(7, 9);False;1;2950
;(9, 10);MoveWest;(7, 9);False;1;2951
;(9, 10);MoveWest;(6, 9);False;1;2952
MoveEast;(10, 10);MoveWest;(6, 9);False;1;2953
;(10, 10);MoveWest;(6, 9);False;1;2954
;(10, 10);MoveWest;(6, 9);False;1;2955
;(10, 10);MoveWest;(6, 9);False;1;2956
MoveEast;(11, 10);MoveWest;(6, 9);False;1;2957
;(11, 10);MoveWest;(6, 9);False;1;2958
;(11, 10);MoveWest;(6, 9);False;1;2959
;(11, 10);MoveWest;(6, 9);False;1;2960
;(11, 10);MoveWest;(6, 9);False;1;2961
;(11, 10);MoveWest;(6, 9);False;1;2962
;(11, 10);MoveWest;(5, 9);False;1;2963
;(11, 10);MoveWest;(5, 9);False;1;2964
;(11, 10);MoveWest;(5, 9);False;1;2965
;(11, 10);MoveWest;(5, 9);False;1;2966
;(11, 10);MoveWest;(5, 9);False;1;2967
MoveNorth;(11, 9);MoveWest;(5, 9);False;1;2968
;(11, 9);MoveWest;(5, 9);False;1;2969
;(11, 9);MoveWest;(5, 9);False;1;2970
;(11, 9);MoveWest;(5, 9);False;1;2971
;(11, 9);MoveWest;(5, 9);False;1;2972
;(11, 9);MoveWest;(5, 9);False;1;2973
;(11, 9);MoveWest;(4, 9);False;1;2974
;(11, 9);MoveWest;(4, 9);False;1;2975
;(11, 9);MoveWest;(4, 9);False;1;2976
;(11, 9);MoveWest;(4, 9);False;1;2977
;(11, 9);MoveWest;(4, 9);False;1;2978
GrabObject;(11, 9);MoveWest;(4, 9);False;1;2979
;(11, 9);MoveWest;(4, 9);False;1;2980
;(11, 9);MoveWest;(4, 9);False;1;2981
;(11, 9);MoveWest;(4, 9);False;1;2982
;(11, 9);MoveWest;(4, 9);False;1;2983
;(11, 9);MoveWest;(4, 9);False;1;2984
MoveEast;(12, 9);MoveWest;(3, 9);False;1;2985
;(12, 9);MoveSouthWest;(3, 9);False;1;2986
;(12, 9);MoveSouthWest;(3, 9);False;1;2987
;(12, 9);MoveSouthWest;(3, 9);False;1;2988
MoveEast;(13, 9);MoveSouthWest;(3, 9);False;1;2989
;(13, 9);MoveSouthWest;(3, 9);False;1;2990
MoveEast;(14, 9);MoveSouthWest;(3, 9);False;1;2991
;(14, 9);MoveSouthWest;(3, 9);False;1;2992
;(14, 9);MoveSouthWest;(3, 9);False;1;2993
;(14, 9);MoveSouthWest;(3, 9);False;1;2994
MoveEast;(15, 9);MoveSouthWest;(3, 9);False;1;2995
;(15, 9);MoveSouthWest;(2, 10);False;1;2996
;(15, 9);Idle;(2, 10);False;1;2997
;(15, 9);Idle;(2, 10);False;1;2998
MoveEast;(16, 9);Idle;(2, 10);False;1;2999
;(16, 9);Idle;(2, 10);False;1;3000
;(16, 9);Idle;(2, 10);False;1;3001
;(16, 9);Idle;(2, 10);False;1;3002
DropObject;(16, 9);Idle;(2, 10);False;1;3003
;(16, 9);Idle;(2, 10);False;1;3004
;(16, 9);Idle;(2, 10);False;1;3005
;(16, 9);Idle;(2, 10);False;1;3006
MoveWest;(15, 9);Idle;(2, 10);False;1;3007
;(15, 9);;(2, 10);False;1;3008
;(15, 9);;(2, 10);False;1;3009
;(15, 9);;(2, 10);False;1;3010
MoveWest;(14, 9);;(2, 10);False;1;3011
;(14, 9);;(2, 10);False;1;3012
;(14, 9);;(2, 10);False;1;3013
;(14, 9);;(2, 10);False;1;3014
;(14, 9);;(2, 10);False;1;3015
;(14, 9);;(2, 10);False;1;3016
;(14, 9);;(2, 10);False;1;3017
;(14, 9);;(2, 10);False;1;3018
;(14, 9);;(2, 10);False;1;3019
