human_selector_action;human_selector_location;robot_action;robot_location;robot_executing_cp;world_nr;tick_nr
;(3, 4);;(4, 4);False;1;0
;(3, 4);;(4, 4);False;1;1
;(3, 4);Idle;(4, 4);False;1;2
;(3, 4);Idle;(4, 4);False;1;3
;(3, 4);Idle;(4, 4);False;1;4
;(3, 4);Idle;(4, 4);False;1;5
MoveEast;(4, 4);Idle;(4, 4);False;1;6
;(4, 4);Idle;(4, 4);False;1;7
;(4, 4);Idle;(4, 4);False;1;8
;(4, 4);Idle;(4, 4);False;1;9
MoveEast;(5, 4);Idle;(4, 4);False;1;10
;(5, 4);Idle;(4, 4);False;1;11
;(5, 4);Idle;(4, 4);False;1;12
;(5, 4);Idle;(4, 4);False;1;13
MoveEast;(6, 4);Idle;(4, 4);False;1;14
;(6, 4);Idle;(4, 4);False;1;15
;(6, 4);Idle;(4, 4);False;1;16
MoveEast;(7, 4);Idle;(4, 4);False;1;17
;(7, 4);Idle;(4, 4);False;1;18
;(7, 4);Idle;(4, 4);False;1;19
MoveEast;(8, 4);Idle;(4, 4);False;1;20
;(8, 4);Idle;(4, 4);False;1;21
;(8, 4);Idle;(4, 4);False;1;22
;(8, 4);Idle;(4, 4);False;1;23
;(8, 4);Idle;(4, 4);False;1;24
;(8, 4);Idle;(4, 4);False;1;25
;(8, 4);Idle;(4, 4);False;1;26
MoveEast;(9, 4);Idle;(4, 4);False;1;27
;(9, 4);Idle;(4, 4);False;1;28
;(9, 4);Idle;(4, 4);False;1;29
;(9, 4);Idle;(4, 4);False;1;30
;(9, 4);Idle;(4, 4);False;1;31
MoveNorth;(9, 3);Idle;(4, 4);False;1;32
;(9, 3);Idle;(4, 4);False;1;33
;(9, 3);Idle;(4, 4);False;1;34
;(9, 3);Idle;(4, 4);False;1;35
;(9, 3);Idle;(4, 4);False;1;36
;(9, 3);Idle;(4, 4);False;1;37
;(9, 3);Idle;(4, 4);False;1;38
;(9, 3);Idle;(4, 4);False;1;39
MoveWest;(8, 3);Idle;(4, 4);False;1;40
;(8, 3);Idle;(4, 4);False;1;41
;(8, 3);Idle;(4, 4);False;1;42
;(8, 3);Idle;(4, 4);False;1;43
;(8, 3);Idle;(4, 4);False;1;44
;(8, 3);Idle;(4, 4);False;1;45
;(8, 3);Idle;(4, 4);False;1;46
;(8, 3);Idle;(4, 4);False;1;47
DropObject;(8, 3);Idle;(4, 4);False;1;48
;(8, 3);Idle;(4, 4);False;1;49
;(8, 3);Idle;(4, 4);False;1;50
;(8, 3);Idle;(4, 4);False;1;51
;(8, 3);Idle;(4, 4);False;1;52
;(8, 3);Idle;(4, 4);False;1;53
MoveEast;(9, 3);Idle;(4, 4);False;1;54
;(9, 3);Idle;(4, 4);False;1;55
;(9, 3);Idle;(4, 4);False;1;56
;(9, 3);;(4, 4);False;1;57
;(9, 3);Idle;(4, 4);False;1;58
MoveEast;(10, 3);Idle;(4, 4);False;1;59
;(10, 3);Idle;(4, 4);False;1;60
;(10, 3);Idle;(4, 4);False;1;61
;(10, 3);Idle;(4, 4);False;1;62
;(10, 3);Idle;(4, 4);False;1;63
;(10, 3);Idle;(4, 4);False;1;64
MoveWest;(9, 3);Idle;(4, 4);False;1;65
;(9, 3);Idle;(4, 4);False;1;66
;(9, 3);Idle;(4, 4);False;1;67
;(9, 3);Idle;(4, 4);False;1;68
MoveWest;(8, 3);Idle;(4, 4);False;1;69
;(8, 3);Idle;(4, 4);False;1;70
;(8, 3);Idle;(4, 4);False;1;71
;(8, 3);Idle;(4, 4);False;1;72
;(8, 3);Idle;(4, 4);False;1;73
;(8, 3);Idle;(4, 4);False;1;74
;(8, 3);Idle;(4, 4);False;1;75
GrabObject;(8, 3);Idle;(4, 4);False;1;76
;(8, 3);Idle;(4, 4);False;1;77
;(8, 3);Idle;(4, 4);False;1;78
;(8, 3);Idle;(4, 4);False;1;79
MoveEast;(9, 3);Idle;(4, 4);False;1;80
;(9, 3);Idle;(4, 4);False;1;81
;(9, 3);Idle;(4, 4);False;1;82
;(9, 3);Idle;(4, 4);False;1;83
MoveEast;(10, 3);Idle;(4, 4);False;1;84
;(10, 3);Idle;(4, 4);False;1;85
;(10, 3);Idle;(4, 4);False;1;86
;(10, 3);Idle;(4, 4);False;1;87
MoveEast;(11, 3);Idle;(4, 4);False;1;88
;(11, 3);Idle;(4, 4);False;1;89
;(11, 3);Idle;(4, 4);False;1;90
;(11, 3);Idle;(4, 4);False;1;91
MoveEast;(12, 3);Idle;(4, 4);False;1;92
;(12, 3);Idle;(4, 4);False;1;93
MoveEast;(13, 3);Idle;(4, 4);False;1;94
;(13, 3);Idle;(4, 4);False;1;95
;(13, 3);Idle;(4, 4);False;1;96
;(13, 3);Idle;(4, 4);False;1;97
MoveEast;(14, 3);Idle;(4, 4);False;1;98
;(14, 3);Idle;(4, 4);False;1;99
;(14, 3);Idle;(4, 4);False;1;100
MoveEast;(15, 3);Idle;(4, 4);False;1;101
;(15, 3);Idle;(4, 4);False;1;102
;(15, 3);Idle;(4, 4);False;1;103
;(15, 3);Idle;(4, 4);False;1;104
;(15, 3);Idle;(4, 4);False;1;105
;(15, 3);Idle;(4, 4);False;1;106
;(15, 3);Idle;(4, 4);False;1;107
;(15, 3);Idle;(4, 4);False;1;108
;(15, 3);Idle;(4, 4);False;1;109
;(15, 3);Idle;(4, 4);False;1;110
;(15, 3);Idle;(4, 4);False;1;111
;(15, 3);Idle;(4, 4);False;1;112
DropObject;(15, 3);;(4, 4);False;1;113
;(15, 3);Idle;(4, 4);False;1;114
;(15, 3);Idle;(4, 4);False;1;115
;(15, 3);Idle;(4, 4);False;1;116
;(15, 3);Idle;(4, 4);False;1;117
;(15, 3);Idle;(4, 4);False;1;118
;(15, 3);Idle;(4, 4);False;1;119
;(15, 3);Idle;(4, 4);False;1;120
MoveNorth;(15, 2);Idle;(4, 4);False;1;121
;(15, 2);Idle;(4, 4);False;1;122
;(15, 2);Idle;(4, 4);False;1;123
MoveWest;(14, 2);Idle;(4, 4);False;1;124
;(14, 2);Idle;(4, 4);False;1;125
;(14, 2);Idle;(4, 4);False;1;126
;(14, 2);Idle;(4, 4);False;1;127
;(14, 2);Idle;(4, 4);False;1;128
MoveWest;(13, 2);Idle;(4, 4);False;1;129
;(13, 2);Idle;(4, 4);False;1;130
;(13, 2);Idle;(4, 4);False;1;131
;(13, 2);Idle;(4, 4);False;1;132
MoveWest;(12, 2);Idle;(4, 4);False;1;133
;(12, 2);Idle;(4, 4);False;1;134
;(12, 2);Idle;(4, 4);False;1;135
;(12, 2);Idle;(4, 4);False;1;136
MoveWest;(11, 2);Idle;(4, 4);False;1;137
;(11, 2);Idle;(4, 4);False;1;138
;(11, 2);Idle;(4, 4);False;1;139
;(11, 2);Idle;(4, 4);False;1;140
MoveWest;(10, 2);Idle;(4, 4);False;1;141
;(10, 2);Idle;(4, 4);False;1;142
;(10, 2);Idle;(4, 4);False;1;143
;(10, 2);Idle;(4, 4);False;1;144
;(10, 2);Idle;(4, 4);False;1;145
MoveWest;(9, 2);Idle;(4, 4);False;1;146
;(9, 2);Idle;(4, 4);False;1;147
;(9, 2);Idle;(4, 4);False;1;148
;(9, 2);Idle;(4, 4);False;1;149
;(9, 2);Idle;(4, 4);False;1;150
;(9, 2);Idle;(4, 4);False;1;151
MoveSouth;(9, 3);Idle;(4, 4);False;1;152
;(9, 3);Idle;(4, 4);False;1;153
;(9, 3);Idle;(4, 4);False;1;154
;(9, 3);Idle;(4, 4);False;1;155
MoveEast;(10, 3);Idle;(4, 4);False;1;156
;(10, 3);Idle;(4, 4);False;1;157
;(10, 3);Idle;(4, 4);False;1;158
;(10, 3);Idle;(4, 4);False;1;159
;(10, 3);Idle;(4, 4);False;1;160
;(10, 3);Idle;(4, 4);False;1;161
;(10, 3);Idle;(4, 4);False;1;162
;(10, 3);Idle;(4, 4);False;1;163
MoveSouth;(10, 4);Idle;(4, 4);False;1;164
;(10, 4);Idle;(4, 4);False;1;165
;(10, 4);Idle;(4, 4);False;1;166
;(10, 4);Idle;(4, 4);False;1;167
;(10, 4);Idle;(4, 4);False;1;168
;(10, 4);;(4, 4);False;1;169
;(10, 4);Idle;(4, 4);False;1;170
;(10, 4);Idle;(4, 4);False;1;171
GrabObject;(10, 4);Idle;(4, 4);False;1;172
;(10, 4);Idle;(4, 4);False;1;173
;(10, 4);Idle;(4, 4);False;1;174
;(10, 4);Idle;(4, 4);False;1;175
;(10, 4);Idle;(4, 4);False;1;176
;(10, 4);Idle;(4, 4);False;1;177
;(10, 4);Idle;(4, 4);False;1;178
;(10, 4);Idle;(4, 4);False;1;179
MoveNorth;(10, 3);Idle;(4, 4);False;1;180
;(10, 3);Idle;(4, 4);False;1;181
;(10, 3);Idle;(4, 4);False;1;182
;(10, 3);Idle;(4, 4);False;1;183
;(10, 3);Idle;(4, 4);False;1;184
;(10, 3);Idle;(4, 4);False;1;185
;(10, 3);Idle;(4, 4);False;1;186
;(10, 3);Idle;(4, 4);False;1;187
;(10, 3);Idle;(4, 4);False;1;188
MoveEast;(11, 3);Idle;(4, 4);False;1;189
;(11, 3);Idle;(4, 4);False;1;190
;(11, 3);Idle;(4, 4);False;1;191
MoveEast;(12, 3);Idle;(4, 4);False;1;192
;(12, 3);Idle;(4, 4);False;1;193
;(12, 3);Idle;(4, 4);False;1;194
;(12, 3);Idle;(4, 4);False;1;195
MoveEast;(13, 3);Idle;(4, 4);False;1;196
;(13, 3);Idle;(4, 4);False;1;197
;(13, 3);Idle;(4, 4);False;1;198
;(13, 3);Idle;(4, 4);False;1;199
MoveEast;(14, 3);Idle;(4, 4);False;1;200
;(14, 3);Idle;(4, 4);False;1;201
;(14, 3);Idle;(4, 4);False;1;202
;(14, 3);Idle;(4, 4);False;1;203
;(14, 3);Idle;(4, 4);False;1;204
;(14, 3);Idle;(4, 4);False;1;205
;(14, 3);Idle;(4, 4);False;1;206
MoveEast;(15, 3);Idle;(4, 4);False;1;207
;(15, 3);Idle;(4, 4);False;1;208
;(15, 3);Idle;(4, 4);False;1;209
;(15, 3);Idle;(4, 4);False;1;210
;(15, 3);Idle;(4, 4);False;1;211
;(15, 3);Idle;(4, 4);False;1;212
MoveSouth;(15, 4);Idle;(4, 4);False;1;213
;(15, 4);Idle;(4, 4);False;1;214
;(15, 4);Idle;(4, 4);False;1;215
;(15, 4);Idle;(4, 4);False;1;216
;(15, 4);Idle;(4, 4);False;1;217
;(15, 4);Idle;(4, 4);False;1;218
MoveSouth;(15, 5);Idle;(4, 4);False;1;219
;(15, 5);Idle;(4, 4);False;1;220
;(15, 5);Idle;(4, 4);False;1;221
;(15, 5);Idle;(4, 4);False;1;222
;(15, 5);Idle;(4, 4);False;1;223
;(15, 5);Idle;(4, 4);False;1;224
DropObject;(15, 5);;(4, 4);False;1;225
;(15, 5);Idle;(4, 4);False;1;226
;(15, 5);Idle;(4, 4);False;1;227
;(15, 5);Idle;(4, 4);False;1;228
;(15, 5);Idle;(4, 4);False;1;229
;(15, 5);Idle;(4, 4);False;1;230
;(15, 5);Idle;(4, 4);False;1;231
MoveWest;(14, 5);Idle;(4, 4);False;1;232
;(14, 5);Idle;(4, 4);False;1;233
;(14, 5);Idle;(4, 4);False;1;234
;(14, 5);Idle;(4, 4);False;1;235
;(14, 5);Idle;(4, 4);False;1;236
MoveWest;(13, 5);Idle;(4, 4);False;1;237
;(13, 5);Idle;(4, 4);False;1;238
;(13, 5);Idle;(4, 4);False;1;239
;(13, 5);Idle;(4, 4);False;1;240
MoveWest;(12, 5);Idle;(4, 4);False;1;241
;(12, 5);Idle;(4, 4);False;1;242
;(12, 5);Idle;(4, 4);False;1;243
;(12, 5);Idle;(4, 4);False;1;244
MoveWest;(11, 5);Idle;(4, 4);False;1;245
;(11, 5);Idle;(4, 4);False;1;246
MoveWest;(10, 5);Idle;(4, 4);False;1;247
;(10, 5);Idle;(4, 4);False;1;248
;(10, 5);Idle;(4, 4);False;1;249
;(10, 5);Idle;(4, 4);False;1;250
MoveWest;(9, 5);Idle;(4, 4);False;1;251
;(9, 5);Idle;(4, 4);False;1;252
;(9, 5);Idle;(4, 4);False;1;253
;(9, 5);Idle;(4, 4);False;1;254
;(9, 5);Idle;(4, 4);False;1;255
;(9, 5);Idle;(4, 4);False;1;256
;(9, 5);Idle;(4, 4);False;1;257
;(9, 5);Idle;(4, 4);False;1;258
;(9, 5);Idle;(4, 4);False;1;259
MoveEast;(10, 5);Idle;(4, 4);False;1;260
;(10, 5);Idle;(4, 4);False;1;261
;(10, 5);Idle;(4, 4);False;1;262
;(10, 5);Idle;(4, 4);False;1;263
;(10, 5);Idle;(4, 4);False;1;264
;(10, 5);Idle;(4, 4);False;1;265
;(10, 5);Idle;(4, 4);False;1;266
;(10, 5);Idle;(4, 4);False;1;267
;(10, 5);Idle;(4, 4);False;1;268
;(10, 5);Idle;(4, 4);False;1;269
;(10, 5);Idle;(4, 4);False;1;270
;(10, 5);Idle;(4, 4);False;1;271
;(10, 5);Idle;(4, 4);False;1;272
;(10, 5);Idle;(4, 4);False;1;273
;(10, 5);Idle;(4, 4);False;1;274
;(10, 5);Idle;(4, 4);False;1;275
;(10, 5);Idle;(4, 4);False;1;276
;(10, 5);Idle;(4, 4);False;1;277
;(10, 5);Idle;(4, 4);False;1;278
GrabObject;(10, 5);Idle;(4, 4);False;1;279
;(10, 5);Idle;(4, 4);False;1;280
;(10, 5);;(4, 4);False;1;281
;(10, 5);Idle;(4, 4);False;1;282
;(10, 5);Idle;(4, 4);False;1;283
;(10, 5);Idle;(4, 4);False;1;284
;(10, 5);Idle;(4, 4);False;1;285
;(10, 5);Idle;(4, 4);False;1;286
;(10, 5);Idle;(4, 4);False;1;287
MoveEast;(11, 5);Idle;(4, 4);False;1;288
;(11, 5);Idle;(4, 4);False;1;289
;(11, 5);Idle;(4, 4);False;1;290
MoveEast;(12, 5);Idle;(4, 4);False;1;291
;(12, 5);Idle;(4, 4);False;1;292
;(12, 5);Idle;(4, 4);False;1;293
;(12, 5);Idle;(4, 4);False;1;294
;(12, 5);Idle;(4, 4);False;1;295
;(12, 5);Idle;(4, 4);False;1;296
;(12, 5);Idle;(4, 4);False;1;297
MoveEast;(13, 5);Idle;(4, 4);False;1;298
;(13, 5);Idle;(4, 4);False;1;299
;(13, 5);Idle;(4, 4);False;1;300
;(13, 5);Idle;(4, 4);False;1;301
;(13, 5);Idle;(4, 4);False;1;302
MoveEast;(14, 5);Idle;(4, 4);False;1;303
;(14, 5);Idle;(4, 4);False;1;304
;(14, 5);Idle;(4, 4);False;1;305
;(14, 5);Idle;(4, 4);False;1;306
MoveEast;(15, 5);Idle;(4, 4);False;1;307
;(15, 5);Idle;(4, 4);False;1;308
;(15, 5);Idle;(4, 4);False;1;309
;(15, 5);Idle;(4, 4);False;1;310
;(15, 5);Idle;(4, 4);False;1;311
;(15, 5);Idle;(4, 4);False;1;312
;(15, 5);Idle;(4, 4);False;1;313
;(15, 5);Idle;(4, 4);False;1;314
;(15, 5);Idle;(4, 4);False;1;315
;(15, 5);Idle;(4, 4);False;1;316
DropObject;(15, 5);Idle;(4, 4);False;1;317
;(15, 5);Idle;(4, 4);False;1;318
;(15, 5);Idle;(4, 4);False;1;319
;(15, 5);Idle;(4, 4);False;1;320
;(15, 5);Idle;(4, 4);False;1;321
;(15, 5);Idle;(4, 4);False;1;322
;(15, 5);Idle;(4, 4);False;1;323
MoveWest;(14, 5);Idle;(4, 4);False;1;324
;(14, 5);Idle;(4, 4);False;1;325
;(14, 5);Idle;(4, 4);False;1;326
;(14, 5);Idle;(4, 4);False;1;327
MoveWest;(13, 5);Idle;(4, 4);False;1;328
;(13, 5);Idle;(4, 4);False;1;329
;(13, 5);Idle;(4, 4);False;1;330
MoveWest;(12, 5);Idle;(4, 4);False;1;331
;(12, 5);Idle;(4, 4);False;1;332
;(12, 5);Idle;(4, 4);False;1;333
;(12, 5);Idle;(4, 4);False;1;334
;(12, 5);Idle;(4, 4);False;1;335
MoveWest;(11, 5);Idle;(4, 4);False;1;336
;(11, 5);;(4, 4);False;1;337
;(11, 5);MoveSouthEast;(4, 4);False;1;338
;(11, 5);MoveSouthEast;(4, 4);False;1;339
;(11, 5);MoveSouthEast;(4, 4);False;1;340
;(11, 5);MoveSouthEast;(4, 4);False;1;341
;(11, 5);MoveSouthEast;(4, 4);False;1;342
;(11, 5);MoveSouthEast;(4, 4);False;1;343
;(11, 5);MoveSouthEast;(4, 4);False;1;344
;(11, 5);MoveSouthEast;(4, 4);False;1;345
;(11, 5);MoveSouthEast;(4, 4);False;1;346
GrabObject;(11, 5);MoveSouthEast;(4, 4);False;1;347
;(11, 5);MoveSouthEast;(5, 5);False;1;348
;(11, 5);MoveSouthEast;(5, 5);False;1;349
;(11, 5);MoveSouthEast;(5, 5);False;1;350
;(11, 5);MoveSouthEast;(5, 5);False;1;351
;(11, 5);MoveSouthEast;(5, 5);False;1;352
MoveEast;(12, 5);MoveSouthEast;(5, 5);False;1;353
;(12, 5);MoveSouthEast;(5, 5);False;1;354
;(12, 5);MoveSouthEast;(5, 5);False;1;355
;(12, 5);MoveSouthEast;(5, 5);False;1;356
;(12, 5);MoveSouthEast;(5, 5);False;1;357
;(12, 5);MoveSouthEast;(5, 5);False;1;358
;(12, 5);MoveSouthEast;(6, 6);False;1;359
MoveEast;(13, 5);MoveSouthEast;(6, 6);False;1;360
;(13, 5);MoveSouthEast;(6, 6);False;1;361
;(13, 5);MoveSouthEast;(6, 6);False;1;362
;(13, 5);MoveSouthEast;(6, 6);False;1;363
;(13, 5);MoveSouthEast;(6, 6);False;1;364
;(13, 5);MoveSouthEast;(6, 6);False;1;365
;(13, 5);MoveSouthEast;(6, 6);False;1;366
;(13, 5);MoveSouthEast;(6, 6);False;1;367
;(13, 5);MoveSouthEast;(6, 6);False;1;368
;(13, 5);MoveSouthEast;(6, 6);False;1;369
;(13, 5);MoveSouthEast;(7, 7);False;1;370
;(13, 5);GrabObject;(7, 7);False;1;371
;(13, 5);GrabObject;(7, 7);False;1;372
MoveWest;(12, 5);GrabObject;(7, 7);False;1;373
;(12, 5);GrabObject;(7, 7);False;1;374
;(12, 5);GrabObject;(7, 7);False;1;375
;(12, 5);GrabObject;(7, 7);False;1;376
;(12, 5);GrabObject;(7, 7);False;1;377
MoveWest;(11, 5);GrabObject;(7, 7);False;1;378
;(11, 5);GrabObject;(7, 7);False;1;379
;(11, 5);GrabObject;(7, 7);False;1;380
;(11, 5);GrabObject;(7, 7);False;1;381
MoveWest;(10, 5);;(7, 7);False;1;382
;(10, 5);Idle;(7, 7);False;1;383
;(10, 5);Idle;(7, 7);False;1;384
MoveWest;(9, 5);Idle;(7, 7);False;1;385
;(9, 5);Idle;(7, 7);False;1;386
;(9, 5);Idle;(7, 7);False;1;387
MoveWest;(8, 5);Idle;(7, 7);False;1;388
;(8, 5);Idle;(7, 7);False;1;389
;(8, 5);Idle;(7, 7);False;1;390
;(8, 5);Idle;(7, 7);False;1;391
MoveWest;(7, 5);Idle;(7, 7);False;1;392
;(7, 5);Idle;(7, 7);False;1;393
;(7, 5);Idle;(7, 7);False;1;394
MoveWest;(6, 5);Idle;(7, 7);False;1;395
;(6, 5);Idle;(7, 7);False;1;396
;(6, 5);Idle;(7, 7);False;1;397
;(6, 5);Idle;(7, 7);False;1;398
;(6, 5);Idle;(7, 7);False;1;399
;(6, 5);Idle;(7, 7);False;1;400
;(6, 5);Idle;(7, 7);False;1;401
;(6, 5);Idle;(7, 7);False;1;402
;(6, 5);Idle;(7, 7);False;1;403
;(6, 5);Idle;(7, 7);False;1;404
;(6, 5);Idle;(7, 7);False;1;405
;(6, 5);Idle;(7, 7);False;1;406
;(6, 5);Idle;(7, 7);False;1;407
MoveSouth;(6, 6);Idle;(7, 7);False;1;408
;(6, 6);Idle;(7, 7);False;1;409
;(6, 6);Idle;(7, 7);False;1;410
;(6, 6);Idle;(7, 7);False;1;411
MoveSouth;(6, 7);Idle;(7, 7);False;1;412
;(6, 7);Idle;(7, 7);False;1;413
;(6, 7);Idle;(7, 7);False;1;414
;(6, 7);Idle;(7, 7);False;1;415
;(6, 7);Idle;(7, 7);False;1;416
;(6, 7);Idle;(7, 7);False;1;417
;(6, 7);Idle;(7, 7);False;1;418
;(6, 7);Idle;(7, 7);False;1;419
MoveSouth;(6, 8);Idle;(7, 7);False;1;420
;(6, 8);Idle;(7, 7);False;1;421
;(6, 8);Idle;(7, 7);False;1;422
;(6, 8);Idle;(7, 7);False;1;423
;(6, 8);Idle;(7, 7);False;1;424
MoveEast;(7, 8);Idle;(7, 7);False;1;425
;(7, 8);Idle;(7, 7);False;1;426
;(7, 8);Idle;(7, 7);False;1;427
;(7, 8);Idle;(7, 7);False;1;428
;(7, 8);Idle;(7, 7);False;1;429
;(7, 8);Idle;(7, 7);False;1;430
;(7, 8);Idle;(7, 7);False;1;431
;(7, 8);Idle;(7, 7);False;1;432
;(7, 8);Idle;(7, 7);False;1;433
;(7, 8);Idle;(7, 7);False;1;434
GrabObject;(7, 8);Idle;(7, 7);False;1;435
;(7, 8);Idle;(7, 7);False;1;436
;(7, 8);Idle;(7, 7);False;1;437
;(7, 8);;(7, 7);False;1;438
;(7, 8);MoveEast;(7, 7);False;1;439
;(7, 8);MoveEast;(7, 7);False;1;440
;(7, 8);MoveEast;(7, 7);False;1;441
;(7, 8);MoveEast;(7, 7);False;1;442
;(7, 8);MoveEast;(7, 7);False;1;443
MoveWest;(6, 8);MoveEast;(7, 7);False;1;444
;(6, 8);MoveEast;(7, 7);False;1;445
;(6, 8);MoveEast;(7, 7);False;1;446
;(6, 8);MoveEast;(7, 7);False;1;447
;(6, 8);MoveEast;(7, 7);False;1;448
MoveWest;(5, 8);MoveEast;(8, 7);False;1;449
;(5, 8);MoveEast;(8, 7);False;1;450
;(5, 8);MoveEast;(8, 7);False;1;451
;(5, 8);MoveEast;(8, 7);False;1;452
;(5, 8);MoveEast;(8, 7);False;1;453
;(5, 8);MoveEast;(8, 7);False;1;454
MoveWest;(4, 8);MoveEast;(8, 7);False;1;455
;(4, 8);MoveEast;(8, 7);False;1;456
;(4, 8);MoveEast;(8, 7);False;1;457
MoveWest;(3, 8);MoveEast;(8, 7);False;1;458
;(3, 8);MoveEast;(8, 7);False;1;459
;(3, 8);MoveEast;(9, 7);False;1;460
;(3, 8);MoveWest;(9, 7);False;1;461
;(3, 8);MoveWest;(9, 7);False;1;462
;(3, 8);MoveWest;(9, 7);False;1;463
;(3, 8);MoveWest;(9, 7);False;1;464
;(3, 8);MoveWest;(9, 7);False;1;465
;(3, 8);MoveWest;(9, 7);False;1;466
;(3, 8);MoveWest;(9, 7);False;1;467
DropObject;(3, 8);MoveWest;(9, 7);False;1;468
;(3, 8);MoveWest;(9, 7);False;1;469
;(3, 8);MoveWest;(9, 7);False;1;470
;(3, 8);MoveWest;(8, 7);False;1;471
;(3, 8);MoveWest;(8, 7);False;1;472
;(3, 8);MoveWest;(8, 7);False;1;473
;(3, 8);MoveWest;(8, 7);False;1;474
;(3, 8);MoveWest;(8, 7);False;1;475
MoveSouth;(3, 9);MoveWest;(8, 7);False;1;476
;(3, 9);MoveWest;(8, 7);False;1;477
;(3, 9);MoveWest;(8, 7);False;1;478
;(3, 9);MoveWest;(8, 7);False;1;479
;(3, 9);MoveWest;(8, 7);False;1;480
MoveEast;(4, 9);MoveWest;(8, 7);False;1;481
;(4, 9);MoveWest;(7, 7);False;1;482
;(4, 9);MoveEast;(7, 7);False;1;483
;(4, 9);MoveEast;(7, 7);False;1;484
;(4, 9);MoveEast;(7, 7);False;1;485
;(4, 9);MoveEast;(7, 7);False;1;486
;(4, 9);MoveEast;(7, 7);False;1;487
;(4, 9);MoveEast;(7, 7);False;1;488
;(4, 9);MoveEast;(7, 7);False;1;489
;(4, 9);MoveEast;(7, 7);False;1;490
;(4, 9);MoveEast;(7, 7);False;1;491
;(4, 9);MoveEast;(7, 7);False;1;492
;(4, 9);MoveEast;(8, 7);False;1;493
;(4, 9);MoveEast;(8, 7);False;1;494
MoveSouth;(4, 10);MoveEast;(8, 7);False;1;495
;(4, 10);MoveEast;(8, 7);False;1;496
;(4, 10);MoveEast;(8, 7);False;1;497
;(4, 10);MoveEast;(8, 7);False;1;498
;(4, 10);MoveEast;(8, 7);False;1;499
MoveEast;(5, 10);MoveEast;(8, 7);False;1;500
;(5, 10);MoveEast;(8, 7);False;1;501
;(5, 10);MoveEast;(8, 7);False;1;502
;(5, 10);MoveEast;(8, 7);False;1;503
;(5, 10);MoveEast;(9, 7);False;1;504
;(5, 10);MoveWest;(9, 7);False;1;505
;(5, 10);MoveWest;(9, 7);False;1;506
;(5, 10);MoveWest;(9, 7);False;1;507
;(5, 10);MoveWest;(9, 7);False;1;508
;(5, 10);MoveWest;(9, 7);False;1;509
;(5, 10);MoveWest;(9, 7);False;1;510
;(5, 10);MoveWest;(9, 7);False;1;511
;(5, 10);MoveWest;(9, 7);False;1;512
;(5, 10);MoveWest;(9, 7);False;1;513
;(5, 10);MoveWest;(9, 7);False;1;514
;(5, 10);MoveWest;(8, 7);False;1;515
;(5, 10);MoveWest;(8, 7);False;1;516
GrabObject;(5, 10);MoveWest;(8, 7);False;1;517
;(5, 10);MoveWest;(8, 7);False;1;518
;(5, 10);MoveWest;(8, 7);False;1;519
;(5, 10);MoveWest;(8, 7);False;1;520
;(5, 10);MoveWest;(8, 7);False;1;521
;(5, 10);MoveWest;(8, 7);False;1;522
;(5, 10);MoveWest;(8, 7);False;1;523
;(5, 10);MoveWest;(8, 7);False;1;524
;(5, 10);MoveWest;(8, 7);False;1;525
MoveWest;(4, 10);MoveWest;(7, 7);False;1;526
;(4, 10);MoveEast;(7, 7);False;1;527
;(4, 10);MoveEast;(7, 7);False;1;528
;(4, 10);MoveEast;(7, 7);False;1;529
;(4, 10);MoveEast;(7, 7);False;1;530
MoveWest;(3, 10);MoveEast;(7, 7);False;1;531
;(3, 10);MoveEast;(7, 7);False;1;532
;(3, 10);MoveEast;(7, 7);False;1;533
;(3, 10);MoveEast;(7, 7);False;1;534
MoveWest;(2, 10);MoveEast;(7, 7);False;1;535
;(2, 10);MoveEast;(7, 7);False;1;536
;(2, 10);MoveEast;(8, 7);False;1;537
;(2, 10);MoveEast;(8, 7);False;1;538
;(2, 10);MoveEast;(8, 7);False;1;539
;(2, 10);MoveEast;(8, 7);False;1;540
;(2, 10);MoveEast;(8, 7);False;1;541
DropObject;(2, 10);MoveEast;(8, 7);False;1;542
;(2, 10);MoveEast;(8, 7);False;1;543
;(2, 10);MoveEast;(8, 7);False;1;544
;(2, 10);MoveEast;(8, 7);False;1;545
;(2, 10);MoveEast;(8, 7);False;1;546
MoveEast;(3, 10);MoveEast;(8, 7);False;1;547
;(3, 10);MoveEast;(9, 7);False;1;548
;(3, 10);MoveWest;(9, 7);False;1;549
;(3, 10);MoveWest;(9, 7);False;1;550
;(3, 10);MoveWest;(9, 7);False;1;551
;(3, 10);MoveWest;(9, 7);False;1;552
MoveEast;(4, 10);MoveWest;(9, 7);False;1;553
;(4, 10);MoveWest;(9, 7);False;1;554
;(4, 10);MoveWest;(9, 7);False;1;555
;(4, 10);MoveWest;(9, 7);False;1;556
;(4, 10);MoveWest;(9, 7);False;1;557
MoveEast;(5, 10);MoveWest;(9, 7);False;1;558
;(5, 10);MoveWest;(8, 7);False;1;559
;(5, 10);MoveWest;(8, 7);False;1;560
;(5, 10);MoveWest;(8, 7);False;1;561
MoveNorth;(5, 9);MoveWest;(8, 7);False;1;562
;(5, 9);MoveWest;(8, 7);False;1;563
;(5, 9);MoveWest;(8, 7);False;1;564
MoveNorth;(5, 8);MoveWest;(8, 7);False;1;565
;(5, 8);MoveWest;(8, 7);False;1;566
;(5, 8);MoveWest;(8, 7);False;1;567
;(5, 8);MoveWest;(8, 7);False;1;568
;(5, 8);MoveWest;(8, 7);False;1;569
MoveNorth;(5, 7);MoveWest;(7, 7);False;1;570
;(5, 7);;(7, 7);False;1;571
;(5, 7);Idle;(7, 7);False;1;572
;(5, 7);Idle;(7, 7);False;1;573
MoveNorth;(5, 6);Idle;(7, 7);False;1;574
;(5, 6);Idle;(7, 7);False;1;575
;(5, 6);Idle;(7, 7);False;1;576
;(5, 6);Idle;(7, 7);False;1;577
;(5, 6);Idle;(7, 7);False;1;578
MoveEast;(6, 6);Idle;(7, 7);False;1;579
;(6, 6);Idle;(7, 7);False;1;580
;(6, 6);Idle;(7, 7);False;1;581
;(6, 6);Idle;(7, 7);False;1;582
MoveEast;(7, 6);Idle;(7, 7);False;1;583
;(7, 6);Idle;(7, 7);False;1;584
;(7, 6);Idle;(7, 7);False;1;585
;(7, 6);Idle;(7, 7);False;1;586
;(7, 6);Idle;(7, 7);False;1;587
;(7, 6);Idle;(7, 7);False;1;588
;(7, 6);Idle;(7, 7);False;1;589
;(7, 6);Idle;(7, 7);False;1;590
;(7, 6);Idle;(7, 7);False;1;591
;(7, 6);Idle;(7, 7);False;1;592
MoveNorth;(7, 5);Idle;(7, 7);False;1;593
;(7, 5);Idle;(7, 7);False;1;594
;(7, 5);Idle;(7, 7);False;1;595
;(7, 5);Idle;(7, 7);False;1;596
;(7, 5);Idle;(7, 7);False;1;597
;(7, 5);Idle;(7, 7);False;1;598
;(7, 5);Idle;(7, 7);False;1;599
;(7, 5);Idle;(7, 7);False;1;600
;(7, 5);Idle;(7, 7);False;1;601
;(7, 5);Idle;(7, 7);False;1;602
MoveNorth;(7, 4);Idle;(7, 7);False;1;603
;(7, 4);Idle;(7, 7);False;1;604
;(7, 4);Idle;(7, 7);False;1;605
;(7, 4);Idle;(7, 7);False;1;606
;(7, 4);Idle;(7, 7);False;1;607
;(7, 4);Idle;(7, 7);False;1;608
GrabObject;(7, 4);Idle;(7, 7);False;1;609
;(7, 4);Idle;(7, 7);False;1;610
;(7, 4);Idle;(7, 7);False;1;611
;(7, 4);Idle;(7, 7);False;1;612
;(7, 4);Idle;(7, 7);False;1;613
;(7, 4);Idle;(7, 7);False;1;614
;(7, 4);Idle;(7, 7);False;1;615
;(7, 4);Idle;(7, 7);False;1;616
;(7, 4);Idle;(7, 7);False;1;617
;(7, 4);Idle;(7, 7);False;1;618
;(7, 4);Idle;(7, 7);False;1;619
;(7, 4);Idle;(7, 7);False;1;620
MoveWest;(6, 4);Idle;(7, 7);False;1;621
;(6, 4);Idle;(7, 7);False;1;622
;(6, 4);Idle;(7, 7);False;1;623
;(6, 4);Idle;(7, 7);False;1;624
;(6, 4);Idle;(7, 7);False;1;625
;(6, 4);Idle;(7, 7);False;1;626
;(6, 4);;(7, 7);False;1;627
;(6, 4);MoveWest;(7, 7);False;1;628
;(6, 4);MoveWest;(7, 7);False;1;629
;(6, 4);MoveWest;(7, 7);False;1;630
;(6, 4);MoveWest;(7, 7);False;1;631
;(6, 4);MoveWest;(7, 7);False;1;632
;(6, 4);MoveWest;(7, 7);False;1;633
MoveEast;(7, 4);MoveWest;(7, 7);False;1;634
;(7, 4);MoveWest;(7, 7);False;1;635
;(7, 4);MoveWest;(7, 7);False;1;636
;(7, 4);MoveWest;(7, 7);False;1;637
;(7, 4);MoveWest;(6, 7);False;1;638
;(7, 4);MoveWest;(6, 7);False;1;639
;(7, 4);MoveWest;(6, 7);False;1;640
;(7, 4);MoveWest;(6, 7);False;1;641
;(7, 4);MoveWest;(6, 7);False;1;642
;(7, 4);MoveWest;(6, 7);False;1;643
;(7, 4);MoveWest;(6, 7);False;1;644
;(7, 4);MoveWest;(6, 7);False;1;645
;(7, 4);MoveWest;(6, 7);False;1;646
;(7, 4);MoveWest;(6, 7);False;1;647
;(7, 4);MoveWest;(6, 7);False;1;648
;(7, 4);MoveWest;(5, 7);False;1;649
;(7, 4);MoveNorthWest;(5, 7);False;1;650
;(7, 4);MoveNorthWest;(5, 7);False;1;651
;(7, 4);MoveNorthWest;(5, 7);False;1;652
;(7, 4);MoveNorthWest;(5, 7);False;1;653
;(7, 4);MoveNorthWest;(5, 7);False;1;654
;(7, 4);MoveNorthWest;(5, 7);False;1;655
;(7, 4);MoveNorthWest;(5, 7);False;1;656
;(7, 4);MoveNorthWest;(5, 7);False;1;657
;(7, 4);MoveNorthWest;(5, 7);False;1;658
;(7, 4);MoveNorthWest;(5, 7);False;1;659
;(7, 4);MoveNorthWest;(4, 6);False;1;660
;(7, 4);MoveWest;(4, 6);False;1;661
;(7, 4);MoveWest;(4, 6);False;1;662
;(7, 4);MoveWest;(4, 6);False;1;663
;(7, 4);MoveWest;(4, 6);False;1;664
;(7, 4);MoveWest;(4, 6);False;1;665
;(7, 4);MoveWest;(4, 6);False;1;666
;(7, 4);MoveWest;(4, 6);False;1;667
;(7, 4);MoveWest;(4, 6);False;1;668
GrabObject;(7, 4);MoveWest;(4, 6);False;1;669
;(7, 4);MoveWest;(4, 6);False;1;670
;(7, 4);MoveWest;(3, 6);False;1;671
;(7, 4);MoveNorthWest;(3, 6);False;1;672
;(7, 4);MoveNorthWest;(3, 6);False;1;673
;(7, 4);MoveNorthWest;(3, 6);False;1;674
;(7, 4);MoveNorthWest;(3, 6);False;1;675
;(7, 4);MoveNorthWest;(3, 6);False;1;676
;(7, 4);MoveNorthWest;(3, 6);False;1;677
;(7, 4);MoveNorthWest;(3, 6);False;1;678
;(7, 4);MoveNorthWest;(3, 6);False;1;679
;(7, 4);MoveNorthWest;(3, 6);False;1;680
;(7, 4);MoveNorthWest;(3, 6);False;1;681
;(7, 4);MoveNorthWest;(2, 5);False;1;682
;(7, 4);MoveWest;(2, 5);False;1;683
;(7, 4);MoveWest;(2, 5);False;1;684
;(7, 4);MoveWest;(2, 5);False;1;685
;(7, 4);MoveWest;(2, 5);False;1;686
;(7, 4);MoveWest;(2, 5);False;1;687
;(7, 4);MoveWest;(2, 5);False;1;688
;(7, 4);MoveWest;(2, 5);False;1;689
;(7, 4);MoveWest;(2, 5);False;1;690
;(7, 4);MoveWest;(2, 5);False;1;691
MoveWest;(6, 4);MoveWest;(2, 5);False;1;692
;(6, 4);MoveWest;(1, 5);False;1;693
;(6, 4);DropObject;(1, 5);False;1;694
;(6, 4);DropObject;(1, 5);False;1;695
MoveWest;(5, 4);DropObject;(1, 5);False;1;696
;(5, 4);DropObject;(1, 5);False;1;697
;(5, 4);DropObject;(1, 5);False;1;698
;(5, 4);DropObject;(1, 5);False;1;699
MoveWest;(4, 4);DropObject;(1, 5);False;1;700
;(4, 4);DropObject;(1, 5);False;1;701
;(4, 4);DropObject;(1, 5);False;1;702
;(4, 4);DropObject;(1, 5);False;1;703
;(4, 4);DropObject;(1, 5);False;1;704
;(4, 4);;(1, 5);False;1;705
;(4, 4);MoveEast;(1, 5);False;1;706
;(4, 4);MoveEast;(1, 5);False;1;707
;(4, 4);MoveEast;(1, 5);False;1;708
;(4, 4);MoveEast;(1, 5);False;1;709
;(4, 4);MoveEast;(1, 5);False;1;710
;(4, 4);MoveEast;(1, 5);False;1;711
;(4, 4);MoveEast;(1, 5);False;1;712
;(4, 4);MoveEast;(1, 5);False;1;713
MoveWest;(3, 4);MoveEast;(1, 5);False;1;714
;(3, 4);MoveEast;(1, 5);False;1;715
;(3, 4);MoveEast;(2, 5);False;1;716
;(3, 4);MoveNorthEast;(2, 5);False;1;717
;(3, 4);MoveNorthEast;(2, 5);False;1;718
;(3, 4);MoveNorthEast;(2, 5);False;1;719
;(3, 4);MoveNorthEast;(2, 5);False;1;720
;(3, 4);MoveNorthEast;(2, 5);False;1;721
;(3, 4);MoveNorthEast;(2, 5);False;1;722
;(3, 4);MoveNorthEast;(2, 5);False;1;723
;(3, 4);MoveNorthEast;(2, 5);False;1;724
;(3, 4);MoveNorthEast;(2, 5);False;1;725
;(3, 4);MoveNorthEast;(2, 5);False;1;726
;(3, 4);MoveNorthEast;(3, 4);False;1;727
;(3, 4);MoveEast;(3, 4);False;1;728
;(3, 4);MoveEast;(3, 4);False;1;729
DropObject;(3, 4);MoveEast;(3, 4);False;1;730
;(3, 4);MoveEast;(3, 4);False;1;731
;(3, 4);MoveEast;(3, 4);False;1;732
;(3, 4);MoveEast;(3, 4);False;1;733
;(3, 4);MoveEast;(3, 4);False;1;734
;(3, 4);MoveEast;(3, 4);False;1;735
;(3, 4);MoveEast;(3, 4);False;1;736
;(3, 4);MoveEast;(3, 4);False;1;737
;(3, 4);MoveEast;(4, 4);False;1;738
;(3, 4);Idle;(4, 4);False;1;739
MoveEast;(4, 4);Idle;(4, 4);False;1;740
;(4, 4);Idle;(4, 4);False;1;741
;(4, 4);Idle;(4, 4);False;1;742
;(4, 4);Idle;(4, 4);False;1;743
;(4, 4);Idle;(4, 4);False;1;744
MoveEast;(5, 4);Idle;(4, 4);False;1;745
;(5, 4);Idle;(4, 4);False;1;746
;(5, 4);Idle;(4, 4);False;1;747
;(5, 4);Idle;(4, 4);False;1;748
MoveEast;(6, 4);Idle;(4, 4);False;1;749
;(6, 4);Idle;(4, 4);False;1;750
;(6, 4);Idle;(4, 4);False;1;751
;(6, 4);Idle;(4, 4);False;1;752
MoveEast;(7, 4);Idle;(4, 4);False;1;753
;(7, 4);Idle;(4, 4);False;1;754
;(7, 4);Idle;(4, 4);False;1;755
;(7, 4);Idle;(4, 4);False;1;756
;(7, 4);Idle;(4, 4);False;1;757
;(7, 4);Idle;(4, 4);False;1;758
;(7, 4);Idle;(4, 4);False;1;759
;(7, 4);Idle;(4, 4);False;1;760
;(7, 4);Idle;(4, 4);False;1;761
;(7, 4);Idle;(4, 4);False;1;762
;(7, 4);Idle;(4, 4);False;1;763
;(7, 4);Idle;(4, 4);False;1;764
;(7, 4);Idle;(4, 4);False;1;765
MoveSouth;(7, 5);Idle;(4, 4);False;1;766
;(7, 5);Idle;(4, 4);False;1;767
;(7, 5);Idle;(4, 4);False;1;768
;(7, 5);Idle;(4, 4);False;1;769
;(7, 5);Idle;(4, 4);False;1;770
;(7, 5);Idle;(4, 4);False;1;771
;(7, 5);Idle;(4, 4);False;1;772
;(7, 5);Idle;(4, 4);False;1;773
;(7, 5);Idle;(4, 4);False;1;774
;(7, 5);Idle;(4, 4);False;1;775
;(7, 5);Idle;(4, 4);False;1;776
;(7, 5);Idle;(4, 4);False;1;777
;(7, 5);Idle;(4, 4);False;1;778
;(7, 5);Idle;(4, 4);False;1;779
;(7, 5);Idle;(4, 4);False;1;780
;(7, 5);Idle;(4, 4);False;1;781
;(7, 5);Idle;(4, 4);False;1;782
;(7, 5);Idle;(4, 4);False;1;783
;(7, 5);Idle;(4, 4);False;1;784
;(7, 5);Idle;(4, 4);False;1;785
;(7, 5);Idle;(4, 4);False;1;786
;(7, 5);Idle;(4, 4);False;1;787
;(7, 5);Idle;(4, 4);False;1;788
;(7, 5);Idle;(4, 4);False;1;789
MoveNorth;(7, 4);Idle;(4, 4);False;1;790
;(7, 4);Idle;(4, 4);False;1;791
;(7, 4);Idle;(4, 4);False;1;792
;(7, 4);Idle;(4, 4);False;1;793
;(7, 4);;(4, 4);False;1;794
;(7, 4);Idle;(4, 4);False;1;795
;(7, 4);Idle;(4, 4);False;1;796
;(7, 4);Idle;(4, 4);False;1;797
;(7, 4);Idle;(4, 4);False;1;798
;(7, 4);Idle;(4, 4);False;1;799
;(7, 4);Idle;(4, 4);False;1;800
;(7, 4);Idle;(4, 4);False;1;801
;(7, 4);Idle;(4, 4);False;1;802
;(7, 4);Idle;(4, 4);False;1;803
;(7, 4);Idle;(4, 4);False;1;804
;(7, 4);Idle;(4, 4);False;1;805
;(7, 4);Idle;(4, 4);False;1;806
;(7, 4);Idle;(4, 4);False;1;807
;(7, 4);Idle;(4, 4);False;1;808
;(7, 4);Idle;(4, 4);False;1;809
;(7, 4);Idle;(4, 4);False;1;810
;(7, 4);Idle;(4, 4);False;1;811
;(7, 4);Idle;(4, 4);False;1;812
;(7, 4);Idle;(4, 4);False;1;813
;(7, 4);Idle;(4, 4);False;1;814
;(7, 4);Idle;(4, 4);False;1;815
;(7, 4);Idle;(4, 4);False;1;816
;(7, 4);Idle;(4, 4);False;1;817
;(7, 4);Idle;(4, 4);False;1;818
;(7, 4);Idle;(4, 4);False;1;819
;(7, 4);Idle;(4, 4);False;1;820
;(7, 4);Idle;(4, 4);False;1;821
;(7, 4);Idle;(4, 4);False;1;822
;(7, 4);Idle;(4, 4);False;1;823
;(7, 4);Idle;(4, 4);False;1;824
;(7, 4);Idle;(4, 4);False;1;825
;(7, 4);Idle;(4, 4);False;1;826
;(7, 4);Idle;(4, 4);False;1;827
;(7, 4);Idle;(4, 4);False;1;828
;(7, 4);Idle;(4, 4);False;1;829
;(7, 4);Idle;(4, 4);False;1;830
;(7, 4);Idle;(4, 4);False;1;831
;(7, 4);Idle;(4, 4);False;1;832
;(7, 4);Idle;(4, 4);False;1;833
;(7, 4);Idle;(4, 4);False;1;834
;(7, 4);Idle;(4, 4);False;1;835
;(7, 4);Idle;(4, 4);False;1;836
;(7, 4);Idle;(4, 4);False;1;837
;(7, 4);Idle;(4, 4);False;1;838
;(7, 4);Idle;(4, 4);False;1;839
;(7, 4);Idle;(4, 4);False;1;840
;(7, 4);Idle;(4, 4);False;1;841
;(7, 4);Idle;(4, 4);False;1;842
;(7, 4);Idle;(4, 4);False;1;843
;(7, 4);Idle;(4, 4);False;1;844
;(7, 4);Idle;(4, 4);False;1;845
;(7, 4);Idle;(4, 4);False;1;846
;(7, 4);Idle;(4, 4);False;1;847
;(7, 4);Idle;(4, 4);False;1;848
;(7, 4);Idle;(4, 4);False;1;849
;(7, 4);;(4, 4);False;1;850
;(7, 4);MoveEast;(4, 4);False;1;851
;(7, 4);MoveEast;(4, 4);False;1;852
;(7, 4);MoveEast;(4, 4);False;1;853
;(7, 4);MoveEast;(4, 4);False;1;854
;(7, 4);MoveEast;(4, 4);False;1;855
;(7, 4);MoveEast;(4, 4);False;1;856
;(7, 4);MoveEast;(4, 4);False;1;857
;(7, 4);MoveEast;(4, 4);False;1;858
;(7, 4);MoveEast;(4, 4);False;1;859
MoveEast;(8, 4);MoveEast;(4, 4);False;1;860
;(8, 4);MoveEast;(5, 4);False;1;861
;(8, 4);MoveEast;(5, 4);False;1;862
MoveEast;(9, 4);MoveEast;(5, 4);False;1;863
;(9, 4);MoveEast;(5, 4);False;1;864
;(9, 4);MoveEast;(5, 4);False;1;865
;(9, 4);MoveEast;(5, 4);False;1;866
MoveEast;(10, 4);MoveEast;(5, 4);False;1;867
;(10, 4);MoveEast;(5, 4);False;1;868
;(10, 4);MoveEast;(5, 4);False;1;869
;(10, 4);MoveEast;(5, 4);False;1;870
;(10, 4);MoveEast;(5, 4);False;1;871
;(10, 4);MoveEast;(6, 4);False;1;872
;(10, 4);MoveEast;(6, 4);False;1;873
;(10, 4);MoveEast;(6, 4);False;1;874
;(10, 4);MoveEast;(6, 4);False;1;875
MoveWest;(9, 4);MoveEast;(6, 4);False;1;876
;(9, 4);MoveEast;(6, 4);False;1;877
;(9, 4);MoveEast;(6, 4);False;1;878
;(9, 4);MoveEast;(6, 4);False;1;879
;(9, 4);MoveEast;(6, 4);False;1;880
;(9, 4);MoveEast;(6, 4);False;1;881
;(9, 4);MoveEast;(6, 4);False;1;882
;(9, 4);MoveEast;(7, 4);False;1;883
;(9, 4);GrabLargeObject;(7, 4);False;1;884
;(9, 4);GrabLargeObject;(7, 4);False;1;885
;(9, 4);GrabLargeObject;(7, 4);False;1;886
;(9, 4);GrabLargeObject;(7, 4);False;1;887
;(9, 4);GrabLargeObject;(7, 4);False;1;888
;(9, 4);GrabLargeObject;(7, 4);False;1;889
;(9, 4);GrabLargeObject;(7, 4);False;1;890
;(9, 4);GrabLargeObject;(7, 4);False;1;891
;(9, 4);GrabLargeObject;(7, 4);False;1;892
;(9, 4);GrabLargeObject;(7, 4);False;1;893
;(9, 4);GrabLargeObject;(7, 4);False;1;894
;(9, 4);;(7, 4);False;1;895
;(9, 4);Idle;(7, 4);False;1;896
;(9, 4);Idle;(7, 4);False;1;897
;(9, 4);Idle;(7, 4);False;1;898
;(9, 4);Idle;(7, 4);False;1;899
;(9, 4);Idle;(7, 4);False;1;900
;(9, 4);Idle;(7, 4);False;1;901
;(9, 4);Idle;(7, 4);False;1;902
;(9, 4);Idle;(7, 4);False;1;903
;(9, 4);Idle;(7, 4);False;1;904
;(9, 4);Idle;(7, 4);False;1;905
;(9, 4);Idle;(7, 4);False;1;906
;(9, 4);Idle;(7, 4);False;1;907
MoveWest;(8, 4);Idle;(7, 4);False;1;908
;(8, 4);Idle;(7, 4);False;1;909
;(8, 4);Idle;(7, 4);False;1;910
;(8, 4);Idle;(7, 4);False;1;911
MoveWest;(7, 4);Idle;(7, 4);False;1;912
;(7, 4);Idle;(7, 4);False;1;913
;(7, 4);Idle;(7, 4);False;1;914
;(7, 4);Idle;(7, 4);False;1;915
;(7, 4);Idle;(7, 4);False;1;916
;(7, 4);Idle;(7, 4);False;1;917
;(7, 4);Idle;(7, 4);False;1;918
;(7, 4);Idle;(7, 4);False;1;919
;(7, 4);Idle;(7, 4);False;1;920
;(7, 4);Idle;(7, 4);False;1;921
;(7, 4);Idle;(7, 4);False;1;922
;(7, 4);Idle;(7, 4);False;1;923
;(7, 4);Idle;(7, 4);False;1;924
;(7, 4);Idle;(7, 4);False;1;925
;(7, 4);Idle;(7, 4);False;1;926
;(7, 4);Idle;(7, 4);False;1;927
;(7, 4);Idle;(7, 4);False;1;928
;(7, 4);Idle;(7, 4);False;1;929
;(7, 4);Idle;(7, 4);False;1;930
;(7, 4);Idle;(7, 4);False;1;931
;(7, 4);Idle;(7, 4);False;1;932
;(7, 4);Idle;(7, 4);False;1;933
;(7, 4);Idle;(7, 4);False;1;934
;(7, 4);Idle;(7, 4);False;1;935
;(7, 4);Idle;(7, 4);False;1;936
;(7, 4);Idle;(7, 4);False;1;937
GrabObject;(7, 4);Idle;(7, 4);False;1;938
;(7, 4);Idle;(7, 4);False;1;939
;(7, 4);Idle;(7, 4);False;1;940
;(7, 4);Idle;(7, 4);False;1;941
;(7, 4);Idle;(7, 4);False;1;942
MoveWest;(6, 4);Idle;(7, 4);False;1;943
;(6, 4);Idle;(7, 4);False;1;944
;(6, 4);Idle;(7, 4);False;1;945
;(6, 4);Idle;(7, 4);False;1;946
;(6, 4);Idle;(7, 4);False;1;947
;(6, 4);Idle;(7, 4);False;1;948
;(6, 4);Idle;(7, 4);False;1;949
;(6, 4);Idle;(7, 4);False;1;950
;(6, 4);;(7, 4);False;1;951
;(6, 4);MoveWest;(7, 4);False;1;952
;(6, 4);MoveWest;(7, 4);False;1;953
;(6, 4);MoveWest;(7, 4);False;1;954
MoveWest;(5, 4);MoveWest;(7, 4);False;1;955
;(5, 4);MoveWest;(7, 4);False;1;956
;(5, 4);MoveWest;(7, 4);False;1;957
;(5, 4);MoveWest;(7, 4);False;1;958
;(5, 4);MoveWest;(7, 4);False;1;959
;(5, 4);MoveWest;(7, 4);False;1;960
;(5, 4);MoveWest;(7, 4);False;1;961
MoveWest;(4, 4);MoveWest;(6, 4);False;1;962
;(4, 4);MoveWest;(6, 4);False;1;963
;(4, 4);MoveWest;(6, 4);False;1;964
;(4, 4);MoveWest;(6, 4);False;1;965
;(4, 4);MoveWest;(6, 4);False;1;966
;(4, 4);MoveWest;(6, 4);False;1;967
;(4, 4);MoveWest;(6, 4);False;1;968
;(4, 4);MoveWest;(6, 4);False;1;969
;(4, 4);MoveWest;(6, 4);False;1;970
;(4, 4);MoveWest;(6, 4);False;1;971
;(4, 4);MoveWest;(6, 4);False;1;972
;(4, 4);MoveWest;(5, 4);False;1;973
;(4, 4);MoveWest;(5, 4);False;1;974
;(4, 4);MoveWest;(5, 4);False;1;975
;(4, 4);MoveWest;(5, 4);False;1;976
;(4, 4);MoveWest;(5, 4);False;1;977
;(4, 4);MoveWest;(5, 4);False;1;978
;(4, 4);MoveWest;(5, 4);False;1;979
;(4, 4);MoveWest;(5, 4);False;1;980
;(4, 4);MoveWest;(5, 4);False;1;981
;(4, 4);MoveWest;(5, 4);False;1;982
;(4, 4);MoveWest;(5, 4);False;1;983
;(4, 4);MoveWest;(4, 4);False;1;984
;(4, 4);MoveNorthWest;(4, 4);False;1;985
;(4, 4);MoveNorthWest;(4, 4);False;1;986
;(4, 4);MoveNorthWest;(4, 4);False;1;987
MoveSouth;(4, 5);MoveNorthWest;(4, 4);False;1;988
;(4, 5);MoveNorthWest;(4, 4);False;1;989
;(4, 5);MoveNorthWest;(4, 4);False;1;990
;(4, 5);MoveNorthWest;(4, 4);False;1;991
MoveSouth;(4, 6);MoveNorthWest;(4, 4);False;1;992
;(4, 6);MoveNorthWest;(4, 4);False;1;993
;(4, 6);MoveNorthWest;(4, 4);False;1;994
;(4, 6);MoveNorthWest;(3, 3);False;1;995
;(4, 6);MoveWest;(3, 3);False;1;996
;(4, 6);MoveWest;(3, 3);False;1;997
;(4, 6);MoveWest;(3, 3);False;1;998
MoveEast;(5, 6);MoveWest;(3, 3);False;1;999
;(5, 6);MoveWest;(3, 3);False;1;1000
;(5, 6);MoveWest;(3, 3);False;1;1001
;(5, 6);MoveWest;(3, 3);False;1;1002
;(5, 6);MoveWest;(3, 3);False;1;1003
;(5, 6);MoveWest;(3, 3);False;1;1004
MoveEast;(6, 6);MoveWest;(3, 3);False;1;1005
;(6, 6);MoveWest;(2, 3);False;1;1006
;(6, 6);MoveNorthWest;(2, 3);False;1;1007
;(6, 6);MoveNorthWest;(2, 3);False;1;1008
;(6, 6);MoveNorthWest;(2, 3);False;1;1009
;(6, 6);MoveNorthWest;(2, 3);False;1;1010
;(6, 6);MoveNorthWest;(2, 3);False;1;1011
;(6, 6);MoveNorthWest;(2, 3);False;1;1012
;(6, 6);MoveNorthWest;(2, 3);False;1;1013
;(6, 6);MoveNorthWest;(2, 3);False;1;1014
;(6, 6);MoveNorthWest;(2, 3);False;1;1015
;(6, 6);MoveNorthWest;(2, 3);False;1;1016
;(6, 6);MoveNorthWest;(1, 2);False;1;1017
MoveEast;(7, 6);MoveWest;(1, 2);False;1;1018
;(7, 6);MoveWest;(1, 2);False;1;1019
;(7, 6);MoveWest;(1, 2);False;1;1020
;(7, 6);MoveWest;(1, 2);False;1;1021
;(7, 6);MoveWest;(1, 2);False;1;1022
MoveNorth;(7, 5);MoveWest;(1, 2);False;1;1023
;(7, 5);MoveWest;(1, 2);False;1;1024
;(7, 5);MoveWest;(1, 2);False;1;1025
;(7, 5);MoveWest;(1, 2);False;1;1026
;(7, 5);MoveWest;(1, 2);False;1;1027
;(7, 5);MoveWest;(0, 2);False;1;1028
MoveEast;(8, 5);DropLargeObject;(0, 2);False;1;1029
;(8, 5);DropLargeObject;(0, 2);False;1;1030
;(8, 5);DropLargeObject;(0, 2);False;1;1031
;(8, 5);DropLargeObject;(0, 2);False;1;1032
;(8, 5);DropLargeObject;(0, 2);False;1;1033
;(8, 5);DropLargeObject;(0, 2);False;1;1034
MoveEast;(9, 5);DropLargeObject;(0, 2);False;1;1035
;(9, 5);DropLargeObject;(0, 2);False;1;1036
;(9, 5);DropLargeObject;(0, 2);False;1;1037
;(9, 5);DropLargeObject;(0, 2);False;1;1038
;(9, 5);DropLargeObject;(0, 2);False;1;1039
;(9, 5);;(0, 2);False;1;1040
;(9, 5);Idle;(0, 2);False;1;1041
MoveNorth;(9, 4);Idle;(0, 2);False;1;1042
;(9, 4);Idle;(0, 2);False;1;1043
;(9, 4);Idle;(0, 2);False;1;1044
;(9, 4);Idle;(0, 2);False;1;1045
;(9, 4);Idle;(0, 2);False;1;1046
;(9, 4);Idle;(0, 2);False;1;1047
;(9, 4);Idle;(0, 2);False;1;1048
;(9, 4);Idle;(0, 2);False;1;1049
;(9, 4);Idle;(0, 2);False;1;1050
;(9, 4);Idle;(0, 2);False;1;1051
;(9, 4);Idle;(0, 2);False;1;1052
;(9, 4);Idle;(0, 2);False;1;1053
;(9, 4);Idle;(0, 2);False;1;1054
;(9, 4);Idle;(0, 2);False;1;1055
;(9, 4);Idle;(0, 2);False;1;1056
;(9, 4);Idle;(0, 2);False;1;1057
;(9, 4);Idle;(0, 2);False;1;1058
;(9, 4);Idle;(0, 2);False;1;1059
;(9, 4);Idle;(0, 2);False;1;1060
;(9, 4);Idle;(0, 2);False;1;1061
;(9, 4);Idle;(0, 2);False;1;1062
;(9, 4);Idle;(0, 2);False;1;1063
;(9, 4);Idle;(0, 2);False;1;1064
;(9, 4);Idle;(0, 2);False;1;1065
;(9, 4);Idle;(0, 2);False;1;1066
;(9, 4);Idle;(0, 2);False;1;1067
;(9, 4);Idle;(0, 2);False;1;1068
;(9, 4);Idle;(0, 2);False;1;1069
;(9, 4);Idle;(0, 2);False;1;1070
;(9, 4);Idle;(0, 2);False;1;1071
;(9, 4);Idle;(0, 2);False;1;1072
;(9, 4);Idle;(0, 2);False;1;1073
;(9, 4);Idle;(0, 2);False;1;1074
;(9, 4);Idle;(0, 2);False;1;1075
;(9, 4);Idle;(0, 2);False;1;1076
;(9, 4);Idle;(0, 2);False;1;1077
;(9, 4);Idle;(0, 2);False;1;1078
;(9, 4);Idle;(0, 2);False;1;1079
;(9, 4);Idle;(0, 2);False;1;1080
;(9, 4);Idle;(0, 2);False;1;1081
;(9, 4);Idle;(0, 2);False;1;1082
;(9, 4);Idle;(0, 2);False;1;1083
;(9, 4);Idle;(0, 2);False;1;1084
;(9, 4);Idle;(0, 2);False;1;1085
;(9, 4);Idle;(0, 2);False;1;1086
;(9, 4);Idle;(0, 2);False;1;1087
;(9, 4);Idle;(0, 2);False;1;1088
;(9, 4);Idle;(0, 2);False;1;1089
;(9, 4);Idle;(0, 2);False;1;1090
;(9, 4);Idle;(0, 2);False;1;1091
;(9, 4);Idle;(0, 2);False;1;1092
;(9, 4);Idle;(0, 2);False;1;1093
;(9, 4);Idle;(0, 2);False;1;1094
;(9, 4);Idle;(0, 2);False;1;1095
;(9, 4);;(0, 2);False;1;1096
;(9, 4);MoveSouthEast;(0, 2);False;1;1097
;(9, 4);MoveSouthEast;(0, 2);False;1;1098
;(9, 4);MoveSouthEast;(0, 2);False;1;1099
;(9, 4);MoveSouthEast;(0, 2);False;1;1100
;(9, 4);MoveSouthEast;(0, 2);False;1;1101
;(9, 4);MoveSouthEast;(0, 2);False;1;1102
;(9, 4);MoveSouthEast;(0, 2);False;1;1103
;(9, 4);MoveSouthEast;(0, 2);False;1;1104
;(9, 4);MoveSouthEast;(0, 2);False;1;1105
;(9, 4);MoveSouthEast;(0, 2);False;1;1106
;(9, 4);MoveSouthEast;(1, 3);False;1;1107
;(9, 4);MoveSouth;(1, 3);False;1;1108
;(9, 4);MoveSouth;(1, 3);False;1;1109
;(9, 4);MoveSouth;(1, 3);False;1;1110
;(9, 4);MoveSouth;(1, 3);False;1;1111
;(9, 4);MoveSouth;(1, 3);False;1;1112
;(9, 4);MoveSouth;(1, 3);False;1;1113
;(9, 4);MoveSouth;(1, 3);False;1;1114
;(9, 4);MoveSouth;(1, 3);False;1;1115
;(9, 4);MoveSouth;(1, 3);False;1;1116
;(9, 4);MoveSouth;(1, 3);False;1;1117
;(9, 4);MoveSouth;(1, 4);False;1;1118
;(9, 4);MoveSouthEast;(1, 4);False;1;1119
;(9, 4);MoveSouthEast;(1, 4);False;1;1120
;(9, 4);MoveSouthEast;(1, 4);False;1;1121
;(9, 4);MoveSouthEast;(1, 4);False;1;1122
;(9, 4);MoveSouthEast;(1, 4);False;1;1123
;(9, 4);MoveSouthEast;(1, 4);False;1;1124
;(9, 4);MoveSouthEast;(1, 4);False;1;1125
;(9, 4);MoveSouthEast;(1, 4);False;1;1126
;(9, 4);MoveSouthEast;(1, 4);False;1;1127
;(9, 4);MoveSouthEast;(1, 4);False;1;1128
;(9, 4);MoveSouthEast;(2, 5);False;1;1129
;(9, 4);MoveSouthEast;(2, 5);False;1;1130
;(9, 4);MoveSouthEast;(2, 5);False;1;1131
;(9, 4);MoveSouthEast;(2, 5);False;1;1132
;(9, 4);MoveSouthEast;(2, 5);False;1;1133
;(9, 4);MoveSouthEast;(2, 5);False;1;1134
;(9, 4);MoveSouthEast;(2, 5);False;1;1135
;(9, 4);MoveSouthEast;(2, 5);False;1;1136
;(9, 4);MoveSouthEast;(2, 5);False;1;1137
;(9, 4);MoveSouthEast;(2, 5);False;1;1138
;(9, 4);MoveSouthEast;(2, 5);False;1;1139
;(9, 4);MoveSouthEast;(3, 6);False;1;1140
;(9, 4);MoveSouthEast;(3, 6);False;1;1141
;(9, 4);MoveSouthEast;(3, 6);False;1;1142
;(9, 4);MoveSouthEast;(3, 6);False;1;1143
;(9, 4);MoveSouthEast;(3, 6);False;1;1144
;(9, 4);MoveSouthEast;(3, 6);False;1;1145
;(9, 4);MoveSouthEast;(3, 6);False;1;1146
;(9, 4);MoveSouthEast;(3, 6);False;1;1147
;(9, 4);MoveSouthEast;(3, 6);False;1;1148
;(9, 4);MoveSouthEast;(3, 6);False;1;1149
;(9, 4);MoveSouthEast;(3, 6);False;1;1150
;(9, 4);MoveSouthEast;(4, 7);False;1;1151
;(9, 4);MoveSouthEast;(4, 7);False;1;1152
;(9, 4);MoveSouthEast;(4, 7);False;1;1153
;(9, 4);MoveSouthEast;(4, 7);False;1;1154
;(9, 4);MoveSouthEast;(4, 7);False;1;1155
;(9, 4);MoveSouthEast;(4, 7);False;1;1156
;(9, 4);MoveSouthEast;(4, 7);False;1;1157
;(9, 4);MoveSouthEast;(4, 7);False;1;1158
;(9, 4);MoveSouthEast;(4, 7);False;1;1159
;(9, 4);MoveSouthEast;(4, 7);False;1;1160
;(9, 4);MoveSouthEast;(4, 7);False;1;1161
;(9, 4);MoveSouthEast;(5, 8);False;1;1162
;(9, 4);BreakObject;(5, 8);False;1;1163
;(9, 4);BreakObject;(5, 8);False;1;1164
;(9, 4);BreakObject;(5, 8);False;1;1165
;(9, 4);BreakObject;(5, 8);False;1;1166
;(9, 4);BreakObject;(5, 8);False;1;1167
;(9, 4);BreakObject;(5, 8);False;1;1168
;(9, 4);BreakObject;(5, 8);False;1;1169
;(9, 4);BreakObject;(5, 8);False;1;1170
;(9, 4);BreakObject;(5, 8);False;1;1171
;(9, 4);BreakObject;(5, 8);False;1;1172
;(9, 4);BreakObject;(5, 8);False;1;1173
;(9, 4);;(5, 8);False;1;1174
;(9, 4);Idle;(5, 8);False;1;1175
;(9, 4);Idle;(5, 8);False;1;1176
;(9, 4);Idle;(5, 8);False;1;1177
;(9, 4);Idle;(5, 8);False;1;1178
;(9, 4);Idle;(5, 8);False;1;1179
;(9, 4);Idle;(5, 8);False;1;1180
;(9, 4);Idle;(5, 8);False;1;1181
;(9, 4);Idle;(5, 8);False;1;1182
;(9, 4);Idle;(5, 8);False;1;1183
;(9, 4);Idle;(5, 8);False;1;1184
;(9, 4);Idle;(5, 8);False;1;1185
;(9, 4);Idle;(5, 8);False;1;1186
;(9, 4);Idle;(5, 8);False;1;1187
MoveWest;(8, 4);Idle;(5, 8);False;1;1188
;(8, 4);Idle;(5, 8);False;1;1189
;(8, 4);Idle;(5, 8);False;1;1190
;(8, 4);Idle;(5, 8);False;1;1191
;(8, 4);Idle;(5, 8);False;1;1192
MoveSouth;(8, 5);Idle;(5, 8);False;1;1193
;(8, 5);Idle;(5, 8);False;1;1194
;(8, 5);Idle;(5, 8);False;1;1195
;(8, 5);Idle;(5, 8);False;1;1196
MoveSouth;(8, 6);Idle;(5, 8);False;1;1197
;(8, 6);Idle;(5, 8);False;1;1198
;(8, 6);Idle;(5, 8);False;1;1199
MoveSouth;(8, 7);Idle;(5, 8);False;1;1200
;(8, 7);Idle;(5, 8);False;1;1201
;(8, 7);Idle;(5, 8);False;1;1202
MoveSouth;(8, 8);Idle;(5, 8);False;1;1203
;(8, 8);Idle;(5, 8);False;1;1204
;(8, 8);Idle;(5, 8);False;1;1205
MoveSouth;(8, 9);Idle;(5, 8);False;1;1206
;(8, 9);Idle;(5, 8);False;1;1207
;(8, 9);Idle;(5, 8);False;1;1208
;(8, 9);Idle;(5, 8);False;1;1209
;(8, 9);Idle;(5, 8);False;1;1210
;(8, 9);Idle;(5, 8);False;1;1211
;(8, 9);Idle;(5, 8);False;1;1212
;(8, 9);Idle;(5, 8);False;1;1213
;(8, 9);Idle;(5, 8);False;1;1214
;(8, 9);Idle;(5, 8);False;1;1215
;(8, 9);Idle;(5, 8);False;1;1216
;(8, 9);Idle;(5, 8);False;1;1217
;(8, 9);Idle;(5, 8);False;1;1218
DropObject;(8, 9);Idle;(5, 8);False;1;1219
;(8, 9);Idle;(5, 8);False;1;1220
;(8, 9);Idle;(5, 8);False;1;1221
;(8, 9);Idle;(5, 8);False;1;1222
;(8, 9);Idle;(5, 8);False;1;1223
;(8, 9);Idle;(5, 8);False;1;1224
;(8, 9);Idle;(5, 8);False;1;1225
;(8, 9);Idle;(5, 8);False;1;1226
;(8, 9);Idle;(5, 8);False;1;1227
;(8, 9);Idle;(5, 8);False;1;1228
;(8, 9);Idle;(5, 8);False;1;1229
;(8, 9);;(5, 8);False;1;1230
;(8, 9);Idle;(5, 8);False;1;1231
;(8, 9);Idle;(5, 8);False;1;1232
;(8, 9);Idle;(5, 8);False;1;1233
GrabObject;(8, 9);Idle;(5, 8);False;1;1234
;(8, 9);Idle;(5, 8);False;1;1235
;(8, 9);Idle;(5, 8);False;1;1236
;(8, 9);Idle;(5, 8);False;1;1237
;(8, 9);Idle;(5, 8);False;1;1238
;(8, 9);Idle;(5, 8);False;1;1239
MoveWest;(7, 9);Idle;(5, 8);False;1;1240
;(7, 9);Idle;(5, 8);False;1;1241
;(7, 9);Idle;(5, 8);False;1;1242
MoveWest;(6, 9);Idle;(5, 8);False;1;1243
;(6, 9);Idle;(5, 8);False;1;1244
;(6, 9);Idle;(5, 8);False;1;1245
MoveWest;(5, 9);Idle;(5, 8);False;1;1246
;(5, 9);Idle;(5, 8);False;1;1247
;(5, 9);Idle;(5, 8);False;1;1248
;(5, 9);Idle;(5, 8);False;1;1249
MoveWest;(4, 9);Idle;(5, 8);False;1;1250
;(4, 9);Idle;(5, 8);False;1;1251
;(4, 9);Idle;(5, 8);False;1;1252
;(4, 9);Idle;(5, 8);False;1;1253
;(4, 9);Idle;(5, 8);False;1;1254
DropObject;(4, 9);Idle;(5, 8);False;1;1255
;(4, 9);Idle;(5, 8);False;1;1256
;(4, 9);Idle;(5, 8);False;1;1257
MoveEast;(5, 9);Idle;(5, 8);False;1;1258
;(5, 9);Idle;(5, 8);False;1;1259
;(5, 9);Idle;(5, 8);False;1;1260
;(5, 9);Idle;(5, 8);False;1;1261
;(5, 9);Idle;(5, 8);False;1;1262
MoveEast;(6, 9);Idle;(5, 8);False;1;1263
;(6, 9);Idle;(5, 8);False;1;1264
;(6, 9);Idle;(5, 8);False;1;1265
;(6, 9);Idle;(5, 8);False;1;1266
MoveEast;(7, 9);Idle;(5, 8);False;1;1267
;(7, 9);Idle;(5, 8);False;1;1268
;(7, 9);Idle;(5, 8);False;1;1269
MoveEast;(8, 9);Idle;(5, 8);False;1;1270
;(8, 9);Idle;(5, 8);False;1;1271
;(8, 9);Idle;(5, 8);False;1;1272
MoveEast;(9, 9);Idle;(5, 8);False;1;1273
;(9, 9);Idle;(5, 8);False;1;1274
;(9, 9);Idle;(5, 8);False;1;1275
;(9, 9);Idle;(5, 8);False;1;1276
;(9, 9);Idle;(5, 8);False;1;1277
MoveSouth;(9, 10);Idle;(5, 8);False;1;1278
;(9, 10);Idle;(5, 8);False;1;1279
;(9, 10);Idle;(5, 8);False;1;1280
;(9, 10);Idle;(5, 8);False;1;1281
;(9, 10);Idle;(5, 8);False;1;1282
;(9, 10);Idle;(5, 8);False;1;1283
;(9, 10);Idle;(5, 8);False;1;1284
;(9, 10);Idle;(5, 8);False;1;1285
MoveWest;(8, 10);;(5, 8);False;1;1286
;(8, 10);Idle;(5, 8);False;1;1287
;(8, 10);Idle;(5, 8);False;1;1288
;(8, 10);Idle;(5, 8);False;1;1289
;(8, 10);Idle;(5, 8);False;1;1290
;(8, 10);Idle;(5, 8);False;1;1291
;(8, 10);Idle;(5, 8);False;1;1292
DropObject;(8, 10);Idle;(5, 8);False;1;1293
;(8, 10);Idle;(5, 8);False;1;1294
;(8, 10);Idle;(5, 8);False;1;1295
;(8, 10);Idle;(5, 8);False;1;1296
;(8, 10);Idle;(5, 8);False;1;1297
MoveWest;(7, 10);Idle;(5, 8);False;1;1298
;(7, 10);Idle;(5, 8);False;1;1299
;(7, 10);Idle;(5, 8);False;1;1300
;(7, 10);Idle;(5, 8);False;1;1301
MoveWest;(6, 10);Idle;(5, 8);False;1;1302
;(6, 10);Idle;(5, 8);False;1;1303
;(6, 10);Idle;(5, 8);False;1;1304
;(6, 10);Idle;(5, 8);False;1;1305
;(6, 10);Idle;(5, 8);False;1;1306
;(6, 10);Idle;(5, 8);False;1;1307
;(6, 10);Idle;(5, 8);False;1;1308
;(6, 10);Idle;(5, 8);False;1;1309
MoveEast;(7, 10);Idle;(5, 8);False;1;1310
;(7, 10);Idle;(5, 8);False;1;1311
;(7, 10);Idle;(5, 8);False;1;1312
;(7, 10);Idle;(5, 8);False;1;1313
;(7, 10);Idle;(5, 8);False;1;1314
MoveEast;(8, 10);Idle;(5, 8);False;1;1315
;(8, 10);Idle;(5, 8);False;1;1316
;(8, 10);Idle;(5, 8);False;1;1317
;(8, 10);Idle;(5, 8);False;1;1318
;(8, 10);Idle;(5, 8);False;1;1319
;(8, 10);Idle;(5, 8);False;1;1320
;(8, 10);Idle;(5, 8);False;1;1321
;(8, 10);Idle;(5, 8);False;1;1322
GrabObject;(8, 10);Idle;(5, 8);False;1;1323
;(8, 10);Idle;(5, 8);False;1;1324
;(8, 10);Idle;(5, 8);False;1;1325
;(8, 10);Idle;(5, 8);False;1;1326
;(8, 10);Idle;(5, 8);False;1;1327
MoveNorth;(8, 9);Idle;(5, 8);False;1;1328
;(8, 9);Idle;(5, 8);False;1;1329
;(8, 9);Idle;(5, 8);False;1;1330
;(8, 9);Idle;(5, 8);False;1;1331
MoveWest;(7, 9);Idle;(5, 8);False;1;1332
;(7, 9);Idle;(5, 8);False;1;1333
;(7, 9);Idle;(5, 8);False;1;1334
;(7, 9);Idle;(5, 8);False;1;1335
MoveWest;(6, 9);Idle;(5, 8);False;1;1336
;(6, 9);Idle;(5, 8);False;1;1337
;(6, 9);Idle;(5, 8);False;1;1338
;(6, 9);Idle;(5, 8);False;1;1339
MoveWest;(5, 9);Idle;(5, 8);False;1;1340
;(5, 9);Idle;(5, 8);False;1;1341
;(5, 9);;(5, 8);False;1;1342
;(5, 9);Idle;(5, 8);False;1;1343
;(5, 9);Idle;(5, 8);False;1;1344
;(5, 9);Idle;(5, 8);False;1;1345
;(5, 9);Idle;(5, 8);False;1;1346
DropObject;(5, 9);Idle;(5, 8);False;1;1347
;(5, 9);Idle;(5, 8);False;1;1348
MoveEast;(6, 9);Idle;(5, 8);False;1;1349
;(6, 9);Idle;(5, 8);False;1;1350
;(6, 9);Idle;(5, 8);False;1;1351
;(6, 9);Idle;(5, 8);False;1;1352
MoveEast;(7, 9);Idle;(5, 8);False;1;1353
;(7, 9);Idle;(5, 8);False;1;1354
;(7, 9);Idle;(5, 8);False;1;1355
MoveEast;(8, 9);Idle;(5, 8);False;1;1356
;(8, 9);Idle;(5, 8);False;1;1357
;(8, 9);Idle;(5, 8);False;1;1358
MoveEast;(9, 9);Idle;(5, 8);False;1;1359
;(9, 9);Idle;(5, 8);False;1;1360
;(9, 9);Idle;(5, 8);False;1;1361
;(9, 9);Idle;(5, 8);False;1;1362
MoveEast;(10, 9);Idle;(5, 8);False;1;1363
;(10, 9);Idle;(5, 8);False;1;1364
;(10, 9);Idle;(5, 8);False;1;1365
;(10, 9);Idle;(5, 8);False;1;1366
;(10, 9);Idle;(5, 8);False;1;1367
;(10, 9);Idle;(5, 8);False;1;1368
;(10, 9);Idle;(5, 8);False;1;1369
MoveSouth;(10, 10);Idle;(5, 8);False;1;1370
;(10, 10);Idle;(5, 8);False;1;1371
;(10, 10);Idle;(5, 8);False;1;1372
;(10, 10);Idle;(5, 8);False;1;1373
;(10, 10);Idle;(5, 8);False;1;1374
;(10, 10);Idle;(5, 8);False;1;1375
;(10, 10);Idle;(5, 8);False;1;1376
MoveNorth;(10, 9);Idle;(5, 8);False;1;1377
;(10, 9);Idle;(5, 8);False;1;1378
;(10, 9);Idle;(5, 8);False;1;1379
;(10, 9);Idle;(5, 8);False;1;1380
;(10, 9);Idle;(5, 8);False;1;1381
;(10, 9);Idle;(5, 8);False;1;1382
;(10, 9);Idle;(5, 8);False;1;1383
GrabObject;(10, 9);Idle;(5, 8);False;1;1384
;(10, 9);Idle;(5, 8);False;1;1385
;(10, 9);Idle;(5, 8);False;1;1386
;(10, 9);Idle;(5, 8);False;1;1387
;(10, 9);Idle;(5, 8);False;1;1388
MoveWest;(9, 9);Idle;(5, 8);False;1;1389
;(9, 9);Idle;(5, 8);False;1;1390
;(9, 9);Idle;(5, 8);False;1;1391
;(9, 9);Idle;(5, 8);False;1;1392
;(9, 9);Idle;(5, 8);False;1;1393
MoveWest;(8, 9);Idle;(5, 8);False;1;1394
;(8, 9);Idle;(5, 8);False;1;1395
MoveWest;(7, 9);Idle;(5, 8);False;1;1396
;(7, 9);Idle;(5, 8);False;1;1397
;(7, 9);;(5, 8);False;1;1398
;(7, 9);MoveEast;(5, 8);False;1;1399
MoveWest;(6, 9);MoveEast;(5, 8);False;1;1400
;(6, 9);MoveEast;(5, 8);False;1;1401
;(6, 9);MoveEast;(5, 8);False;1;1402
MoveWest;(5, 9);MoveEast;(5, 8);False;1;1403
;(5, 9);MoveEast;(5, 8);False;1;1404
;(5, 9);MoveEast;(5, 8);False;1;1405
MoveWest;(4, 9);MoveEast;(5, 8);False;1;1406
;(4, 9);MoveEast;(5, 8);False;1;1407
;(4, 9);MoveEast;(5, 8);False;1;1408
;(4, 9);MoveEast;(6, 8);False;1;1409
;(4, 9);MoveEast;(6, 8);False;1;1410
;(4, 9);MoveEast;(6, 8);False;1;1411
;(4, 9);MoveEast;(6, 8);False;1;1412
;(4, 9);MoveEast;(6, 8);False;1;1413
DropObject;(4, 9);MoveEast;(6, 8);False;1;1414
;(4, 9);MoveEast;(6, 8);False;1;1415
;(4, 9);MoveEast;(6, 8);False;1;1416
;(4, 9);MoveEast;(6, 8);False;1;1417
MoveEast;(5, 9);MoveEast;(6, 8);False;1;1418
;(5, 9);MoveEast;(6, 8);False;1;1419
;(5, 9);MoveEast;(7, 8);False;1;1420
MoveEast;(6, 9);MoveEast;(7, 8);False;1;1421
;(6, 9);MoveEast;(7, 8);False;1;1422
;(6, 9);MoveEast;(7, 8);False;1;1423
;(6, 9);MoveEast;(7, 8);False;1;1424
MoveEast;(7, 9);MoveEast;(7, 8);False;1;1425
;(7, 9);MoveEast;(7, 8);False;1;1426
;(7, 9);MoveEast;(7, 8);False;1;1427
MoveEast;(8, 9);MoveEast;(7, 8);False;1;1428
;(8, 9);MoveEast;(7, 8);False;1;1429
;(8, 9);MoveEast;(7, 8);False;1;1430
;(8, 9);MoveEast;(8, 8);False;1;1431
MoveEast;(9, 9);MoveEast;(8, 8);False;1;1432
;(9, 9);MoveEast;(8, 8);False;1;1433
;(9, 9);MoveEast;(8, 8);False;1;1434
MoveEast;(10, 9);MoveEast;(8, 8);False;1;1435
;(10, 9);MoveEast;(8, 8);False;1;1436
;(10, 9);MoveEast;(8, 8);False;1;1437
;(10, 9);MoveEast;(8, 8);False;1;1438
;(10, 9);MoveEast;(8, 8);False;1;1439
;(10, 9);MoveEast;(8, 8);False;1;1440
;(10, 9);MoveEast;(8, 8);False;1;1441
MoveSouth;(10, 10);MoveEast;(9, 8);False;1;1442
;(10, 10);MoveEast;(9, 8);False;1;1443
;(10, 10);MoveEast;(9, 8);False;1;1444
;(10, 10);MoveEast;(9, 8);False;1;1445
;(10, 10);MoveEast;(9, 8);False;1;1446
;(10, 10);MoveEast;(9, 8);False;1;1447
;(10, 10);MoveEast;(9, 8);False;1;1448
;(10, 10);MoveEast;(9, 8);False;1;1449
GrabObject;(10, 10);MoveEast;(9, 8);False;1;1450
;(10, 10);MoveEast;(9, 8);False;1;1451
;(10, 10);MoveEast;(9, 8);False;1;1452
MoveWest;(9, 10);MoveEast;(10, 8);False;1;1453
;(9, 10);MoveNorthEast;(10, 8);False;1;1454
;(9, 10);MoveNorthEast;(10, 8);False;1;1455
;(9, 10);MoveNorthEast;(10, 8);False;1;1456
MoveWest;(8, 10);MoveNorthEast;(10, 8);False;1;1457
;(8, 10);MoveNorthEast;(10, 8);False;1;1458
;(8, 10);MoveNorthEast;(10, 8);False;1;1459
;(8, 10);MoveNorthEast;(10, 8);False;1;1460
MoveWest;(7, 10);MoveNorthEast;(10, 8);False;1;1461
;(7, 10);MoveNorthEast;(10, 8);False;1;1462
;(7, 10);MoveNorthEast;(10, 8);False;1;1463
MoveWest;(6, 10);MoveNorthEast;(11, 7);False;1;1464
;(6, 10);MoveEast;(11, 7);False;1;1465
;(6, 10);MoveEast;(11, 7);False;1;1466
;(6, 10);MoveEast;(11, 7);False;1;1467
MoveWest;(5, 10);MoveEast;(11, 7);False;1;1468
;(5, 10);MoveEast;(11, 7);False;1;1469
;(5, 10);MoveEast;(11, 7);False;1;1470
;(5, 10);MoveEast;(11, 7);False;1;1471
MoveWest;(4, 10);MoveEast;(11, 7);False;1;1472
;(4, 10);MoveEast;(11, 7);False;1;1473
;(4, 10);MoveEast;(11, 7);False;1;1474
DropObject;(4, 10);MoveEast;(12, 7);False;1;1475
;(4, 10);GrabObject;(12, 7);False;1;1476
;(4, 10);GrabObject;(12, 7);False;1;1477
;(4, 10);GrabObject;(12, 7);False;1;1478
;(4, 10);GrabObject;(12, 7);False;1;1479
;(4, 10);GrabObject;(12, 7);False;1;1480
;(4, 10);GrabObject;(12, 7);False;1;1481
;(4, 10);GrabObject;(12, 7);False;1;1482
;(4, 10);GrabObject;(12, 7);False;1;1483
;(4, 10);GrabObject;(12, 7);False;1;1484
;(4, 10);GrabObject;(12, 7);False;1;1485
;(4, 10);GrabObject;(12, 7);False;1;1486
;(4, 10);;(12, 7);False;1;1487
MoveNorth;(4, 9);MoveEast;(12, 7);False;1;1488
;(4, 9);MoveEast;(12, 7);False;1;1489
;(4, 9);MoveEast;(12, 7);False;1;1490
;(4, 9);MoveEast;(12, 7);False;1;1491
;(4, 9);MoveEast;(12, 7);False;1;1492
;(4, 9);MoveEast;(12, 7);False;1;1493
;(4, 9);MoveEast;(12, 7);False;1;1494
MoveNorth;(4, 8);MoveEast;(12, 7);False;1;1495
;(4, 8);MoveEast;(12, 7);False;1;1496
;(4, 8);MoveEast;(12, 7);False;1;1497
;(4, 8);MoveEast;(13, 7);False;1;1498
;(4, 8);MoveEast;(13, 7);False;1;1499
MoveEast;(5, 8);MoveEast;(13, 7);False;1;1500
;(5, 8);MoveEast;(13, 7);False;1;1501
;(5, 8);MoveEast;(13, 7);False;1;1502
;(5, 8);MoveEast;(13, 7);False;1;1503
;(5, 8);MoveEast;(13, 7);False;1;1504
;(5, 8);MoveEast;(13, 7);False;1;1505
;(5, 8);MoveEast;(13, 7);False;1;1506
MoveEast;(6, 8);MoveEast;(13, 7);False;1;1507
;(6, 8);MoveEast;(13, 7);False;1;1508
;(6, 8);MoveEast;(14, 7);False;1;1509
;(6, 8);MoveWest;(14, 7);False;1;1510
MoveEast;(7, 8);MoveWest;(14, 7);False;1;1511
;(7, 8);MoveWest;(14, 7);False;1;1512
;(7, 8);MoveWest;(14, 7);False;1;1513
;(7, 8);MoveWest;(14, 7);False;1;1514
MoveEast;(8, 8);MoveWest;(14, 7);False;1;1515
;(8, 8);MoveWest;(14, 7);False;1;1516
;(8, 8);MoveWest;(14, 7);False;1;1517
;(8, 8);MoveWest;(14, 7);False;1;1518
;(8, 8);MoveWest;(14, 7);False;1;1519
;(8, 8);MoveWest;(13, 7);False;1;1520
MoveEast;(9, 8);MoveWest;(13, 7);False;1;1521
;(9, 8);MoveWest;(13, 7);False;1;1522
;(9, 8);MoveWest;(13, 7);False;1;1523
;(9, 8);MoveWest;(13, 7);False;1;1524
;(9, 8);MoveWest;(13, 7);False;1;1525
MoveEast;(10, 8);MoveWest;(13, 7);False;1;1526
;(10, 8);MoveWest;(13, 7);False;1;1527
;(10, 8);MoveWest;(13, 7);False;1;1528
;(10, 8);MoveWest;(13, 7);False;1;1529
;(10, 8);MoveWest;(13, 7);False;1;1530
;(10, 8);MoveWest;(12, 7);False;1;1531
MoveEast;(11, 8);MoveEast;(12, 7);False;1;1532
;(11, 8);MoveEast;(12, 7);False;1;1533
;(11, 8);MoveEast;(12, 7);False;1;1534
;(11, 8);MoveEast;(12, 7);False;1;1535
;(11, 8);MoveEast;(12, 7);False;1;1536
;(11, 8);MoveEast;(12, 7);False;1;1537
;(11, 8);MoveEast;(12, 7);False;1;1538
;(11, 8);MoveEast;(12, 7);False;1;1539
;(11, 8);MoveEast;(12, 7);False;1;1540
;(11, 8);MoveEast;(12, 7);False;1;1541
MoveEast;(12, 8);MoveEast;(13, 7);False;1;1542
;(12, 8);MoveEast;(13, 7);False;1;1543
;(12, 8);MoveEast;(13, 7);False;1;1544
;(12, 8);MoveEast;(13, 7);False;1;1545
;(12, 8);MoveEast;(13, 7);False;1;1546
MoveNorth;(12, 7);MoveEast;(13, 7);False;1;1547
;(12, 7);MoveEast;(13, 7);False;1;1548
;(12, 7);MoveEast;(13, 7);False;1;1549
;(12, 7);MoveEast;(13, 7);False;1;1550
;(12, 7);MoveEast;(13, 7);False;1;1551
MoveWest;(11, 7);MoveEast;(13, 7);False;1;1552
;(11, 7);MoveEast;(14, 7);False;1;1553
;(11, 7);MoveWest;(14, 7);False;1;1554
;(11, 7);MoveWest;(14, 7);False;1;1555
;(11, 7);MoveWest;(14, 7);False;1;1556
;(11, 7);MoveWest;(14, 7);False;1;1557
;(11, 7);MoveWest;(14, 7);False;1;1558
;(11, 7);MoveWest;(14, 7);False;1;1559
;(11, 7);MoveWest;(14, 7);False;1;1560
;(11, 7);MoveWest;(14, 7);False;1;1561
;(11, 7);MoveWest;(14, 7);False;1;1562
;(11, 7);MoveWest;(14, 7);False;1;1563
;(11, 7);MoveWest;(13, 7);False;1;1564
;(11, 7);MoveWest;(13, 7);False;1;1565
;(11, 7);MoveWest;(13, 7);False;1;1566
;(11, 7);MoveWest;(13, 7);False;1;1567
;(11, 7);MoveWest;(13, 7);False;1;1568
;(11, 7);MoveWest;(13, 7);False;1;1569
;(11, 7);MoveWest;(13, 7);False;1;1570
;(11, 7);MoveWest;(13, 7);False;1;1571
;(11, 7);MoveWest;(13, 7);False;1;1572
;(11, 7);MoveWest;(13, 7);False;1;1573
;(11, 7);MoveWest;(13, 7);False;1;1574
;(11, 7);MoveWest;(12, 7);False;1;1575
;(11, 7);MoveEast;(12, 7);False;1;1576
;(11, 7);MoveEast;(12, 7);False;1;1577
;(11, 7);MoveEast;(12, 7);False;1;1578
;(11, 7);MoveEast;(12, 7);False;1;1579
MoveWest;(10, 7);MoveEast;(12, 7);False;1;1580
;(10, 7);MoveEast;(12, 7);False;1;1581
;(10, 7);MoveEast;(12, 7);False;1;1582
;(10, 7);MoveEast;(12, 7);False;1;1583
;(10, 7);MoveEast;(12, 7);False;1;1584
;(10, 7);MoveEast;(12, 7);False;1;1585
;(10, 7);MoveEast;(13, 7);False;1;1586
MoveNorth;(10, 6);MoveEast;(13, 7);False;1;1587
;(10, 6);MoveEast;(13, 7);False;1;1588
;(10, 6);MoveEast;(13, 7);False;1;1589
;(10, 6);MoveEast;(13, 7);False;1;1590
;(10, 6);MoveEast;(13, 7);False;1;1591
MoveWest;(9, 6);MoveEast;(13, 7);False;1;1592
;(9, 6);MoveEast;(13, 7);False;1;1593
;(9, 6);MoveEast;(13, 7);False;1;1594
;(9, 6);MoveEast;(13, 7);False;1;1595
;(9, 6);MoveEast;(13, 7);False;1;1596
MoveWest;(8, 6);MoveEast;(14, 7);False;1;1597
;(8, 6);MoveWest;(14, 7);False;1;1598
;(8, 6);MoveWest;(14, 7);False;1;1599
;(8, 6);MoveWest;(14, 7);False;1;1600
;(8, 6);MoveWest;(14, 7);False;1;1601
;(8, 6);MoveWest;(14, 7);False;1;1602
;(8, 6);MoveWest;(14, 7);False;1;1603
;(8, 6);MoveWest;(14, 7);False;1;1604
;(8, 6);MoveWest;(14, 7);False;1;1605
;(8, 6);MoveWest;(14, 7);False;1;1606
;(8, 6);MoveWest;(14, 7);False;1;1607
;(8, 6);MoveWest;(13, 7);False;1;1608
;(8, 6);MoveWest;(13, 7);False;1;1609
;(8, 6);MoveWest;(13, 7);False;1;1610
;(8, 6);MoveWest;(13, 7);False;1;1611
;(8, 6);MoveWest;(13, 7);False;1;1612
;(8, 6);MoveWest;(13, 7);False;1;1613
;(8, 6);MoveWest;(13, 7);False;1;1614
;(8, 6);MoveWest;(13, 7);False;1;1615
;(8, 6);MoveWest;(13, 7);False;1;1616
;(8, 6);MoveWest;(13, 7);False;1;1617
;(8, 6);MoveWest;(13, 7);False;1;1618
;(8, 6);MoveWest;(12, 7);False;1;1619
;(8, 6);;(12, 7);False;1;1620
;(8, 6);Idle;(12, 7);False;1;1621
;(8, 6);Idle;(12, 7);False;1;1622
;(8, 6);Idle;(12, 7);False;1;1623
;(8, 6);Idle;(12, 7);False;1;1624
;(8, 6);Idle;(12, 7);False;1;1625
;(8, 6);Idle;(12, 7);False;1;1626
;(8, 6);Idle;(12, 7);False;1;1627
;(8, 6);Idle;(12, 7);False;1;1628
;(8, 6);Idle;(12, 7);False;1;1629
;(8, 6);Idle;(12, 7);False;1;1630
;(8, 6);Idle;(12, 7);False;1;1631
;(8, 6);Idle;(12, 7);False;1;1632
;(8, 6);Idle;(12, 7);False;1;1633
;(8, 6);Idle;(12, 7);False;1;1634
;(8, 6);Idle;(12, 7);False;1;1635
;(8, 6);Idle;(12, 7);False;1;1636
;(8, 6);Idle;(12, 7);False;1;1637
;(8, 6);Idle;(12, 7);False;1;1638
;(8, 6);Idle;(12, 7);False;1;1639
;(8, 6);Idle;(12, 7);False;1;1640
;(8, 6);Idle;(12, 7);False;1;1641
;(8, 6);Idle;(12, 7);False;1;1642
;(8, 6);Idle;(12, 7);False;1;1643
;(8, 6);Idle;(12, 7);False;1;1644
;(8, 6);Idle;(12, 7);False;1;1645
;(8, 6);Idle;(12, 7);False;1;1646
;(8, 6);Idle;(12, 7);False;1;1647
;(8, 6);Idle;(12, 7);False;1;1648
;(8, 6);Idle;(12, 7);False;1;1649
;(8, 6);Idle;(12, 7);False;1;1650
;(8, 6);Idle;(12, 7);False;1;1651
;(8, 6);Idle;(12, 7);False;1;1652
;(8, 6);Idle;(12, 7);False;1;1653
;(8, 6);Idle;(12, 7);False;1;1654
;(8, 6);Idle;(12, 7);False;1;1655
;(8, 6);Idle;(12, 7);False;1;1656
;(8, 6);Idle;(12, 7);False;1;1657
;(8, 6);Idle;(12, 7);False;1;1658
;(8, 6);Idle;(12, 7);False;1;1659
;(8, 6);Idle;(12, 7);False;1;1660
;(8, 6);Idle;(12, 7);False;1;1661
;(8, 6);Idle;(12, 7);False;1;1662
;(8, 6);Idle;(12, 7);False;1;1663
;(8, 6);Idle;(12, 7);False;1;1664
;(8, 6);Idle;(12, 7);False;1;1665
;(8, 6);Idle;(12, 7);False;1;1666
;(8, 6);Idle;(12, 7);False;1;1667
;(8, 6);Idle;(12, 7);False;1;1668
;(8, 6);Idle;(12, 7);False;1;1669
;(8, 6);Idle;(12, 7);False;1;1670
;(8, 6);Idle;(12, 7);False;1;1671
;(8, 6);Idle;(12, 7);False;1;1672
;(8, 6);Idle;(12, 7);False;1;1673
;(8, 6);Idle;(12, 7);False;1;1674
;(8, 6);Idle;(12, 7);False;1;1675
;(8, 6);;(12, 7);False;1;1676
;(8, 6);MoveEast;(12, 7);False;1;1677
;(8, 6);MoveEast;(12, 7);False;1;1678
;(8, 6);MoveEast;(12, 7);False;1;1679
;(8, 6);MoveEast;(12, 7);False;1;1680
;(8, 6);MoveEast;(12, 7);False;1;1681
;(8, 6);MoveEast;(12, 7);False;1;1682
;(8, 6);MoveEast;(12, 7);False;1;1683
;(8, 6);MoveEast;(12, 7);False;1;1684
;(8, 6);MoveEast;(12, 7);False;1;1685
;(8, 6);MoveEast;(12, 7);False;1;1686
;(8, 6);MoveEast;(13, 7);False;1;1687
;(8, 6);MoveNorthEast;(13, 7);False;1;1688
;(8, 6);MoveNorthEast;(13, 7);False;1;1689
;(8, 6);MoveNorthEast;(13, 7);False;1;1690
;(8, 6);MoveNorthEast;(13, 7);False;1;1691
;(8, 6);MoveNorthEast;(13, 7);False;1;1692
;(8, 6);MoveNorthEast;(13, 7);False;1;1693
;(8, 6);MoveNorthEast;(13, 7);False;1;1694
;(8, 6);MoveNorthEast;(13, 7);False;1;1695
;(8, 6);MoveNorthEast;(13, 7);False;1;1696
;(8, 6);MoveNorthEast;(13, 7);False;1;1697
;(8, 6);MoveNorthEast;(14, 6);False;1;1698
;(8, 6);MoveEast;(14, 6);False;1;1699
;(8, 6);MoveEast;(14, 6);False;1;1700
;(8, 6);MoveEast;(14, 6);False;1;1701
;(8, 6);MoveEast;(14, 6);False;1;1702
;(8, 6);MoveEast;(14, 6);False;1;1703
;(8, 6);MoveEast;(14, 6);False;1;1704
;(8, 6);MoveEast;(14, 6);False;1;1705
;(8, 6);MoveEast;(14, 6);False;1;1706
;(8, 6);MoveEast;(14, 6);False;1;1707
;(8, 6);MoveEast;(14, 6);False;1;1708
;(8, 6);MoveEast;(15, 6);False;1;1709
;(8, 6);MoveNorthEast;(15, 6);False;1;1710
;(8, 6);MoveNorthEast;(15, 6);False;1;1711
;(8, 6);MoveNorthEast;(15, 6);False;1;1712
;(8, 6);MoveNorthEast;(15, 6);False;1;1713
;(8, 6);MoveNorthEast;(15, 6);False;1;1714
;(8, 6);MoveNorthEast;(15, 6);False;1;1715
;(8, 6);MoveNorthEast;(15, 6);False;1;1716
;(8, 6);MoveNorthEast;(15, 6);False;1;1717
;(8, 6);MoveNorthEast;(15, 6);False;1;1718
;(8, 6);MoveNorthEast;(15, 6);False;1;1719
;(8, 6);MoveNorthEast;(16, 5);False;1;1720
;(8, 6);MoveEast;(16, 5);False;1;1721
;(8, 6);MoveEast;(16, 5);False;1;1722
;(8, 6);MoveEast;(16, 5);False;1;1723
;(8, 6);MoveEast;(16, 5);False;1;1724
;(8, 6);MoveEast;(16, 5);False;1;1725
;(8, 6);MoveEast;(16, 5);False;1;1726
;(8, 6);MoveEast;(16, 5);False;1;1727
;(8, 6);MoveEast;(16, 5);False;1;1728
;(8, 6);MoveEast;(16, 5);False;1;1729
;(8, 6);MoveEast;(16, 5);False;1;1730
;(8, 6);MoveEast;(17, 5);False;1;1731
;(8, 6);DropObject;(17, 5);False;1;1732
;(8, 6);DropObject;(17, 5);False;1;1733
;(8, 6);DropObject;(17, 5);False;1;1734
;(8, 6);DropObject;(17, 5);False;1;1735
;(8, 6);DropObject;(17, 5);False;1;1736
;(8, 6);DropObject;(17, 5);False;1;1737
;(8, 6);DropObject;(17, 5);False;1;1738
;(8, 6);DropObject;(17, 5);False;1;1739
;(8, 6);DropObject;(17, 5);False;1;1740
;(8, 6);DropObject;(17, 5);False;1;1741
;(8, 6);DropObject;(17, 5);False;1;1742
;(8, 6);;(17, 5);False;1;1743
;(8, 6);MoveEast;(17, 5);False;1;1744
;(8, 6);MoveEast;(17, 5);False;1;1745
;(8, 6);MoveEast;(17, 5);False;1;1746
;(8, 6);MoveEast;(17, 5);False;1;1747
;(8, 6);MoveEast;(17, 5);False;1;1748
;(8, 6);MoveEast;(17, 5);False;1;1749
;(8, 6);MoveEast;(17, 5);False;1;1750
;(8, 6);MoveEast;(17, 5);False;1;1751
;(8, 6);MoveEast;(17, 5);False;1;1752
;(8, 6);MoveEast;(17, 5);False;1;1753
;(8, 6);MoveEast;(18, 5);False;1;1754
;(8, 6);MoveEast;(18, 5);False;1;1755
;(8, 6);MoveEast;(18, 5);False;1;1756
;(8, 6);MoveEast;(18, 5);False;1;1757
;(8, 6);MoveEast;(18, 5);False;1;1758
;(8, 6);MoveEast;(18, 5);False;1;1759
;(8, 6);MoveEast;(18, 5);False;1;1760
;(8, 6);MoveEast;(18, 5);False;1;1761
;(8, 6);MoveEast;(18, 5);False;1;1762
;(8, 6);MoveEast;(18, 5);False;1;1763
;(8, 6);MoveEast;(18, 5);False;1;1764
;(8, 6);MoveEast;(19, 5);False;1;1765
;(8, 6);MoveWest;(19, 5);False;1;1766
;(8, 6);MoveWest;(19, 5);False;1;1767
;(8, 6);MoveWest;(19, 5);False;1;1768
;(8, 6);MoveWest;(19, 5);False;1;1769
;(8, 6);MoveWest;(19, 5);False;1;1770
;(8, 6);MoveWest;(19, 5);False;1;1771
;(8, 6);MoveWest;(19, 5);False;1;1772
;(8, 6);MoveWest;(19, 5);False;1;1773
;(8, 6);MoveWest;(19, 5);False;1;1774
;(8, 6);MoveWest;(19, 5);False;1;1775
;(8, 6);MoveWest;(18, 5);False;1;1776
;(8, 6);MoveWest;(18, 5);False;1;1777
;(8, 6);MoveWest;(18, 5);False;1;1778
;(8, 6);MoveWest;(18, 5);False;1;1779
;(8, 6);MoveWest;(18, 5);False;1;1780
;(8, 6);MoveWest;(18, 5);False;1;1781
;(8, 6);MoveWest;(18, 5);False;1;1782
;(8, 6);MoveWest;(18, 5);False;1;1783
;(8, 6);MoveWest;(18, 5);False;1;1784
;(8, 6);MoveWest;(18, 5);False;1;1785
;(8, 6);MoveWest;(18, 5);False;1;1786
;(8, 6);MoveWest;(17, 5);False;1;1787
;(8, 6);MoveEast;(17, 5);False;1;1788
;(8, 6);MoveEast;(17, 5);False;1;1789
;(8, 6);MoveEast;(17, 5);False;1;1790
;(8, 6);MoveEast;(17, 5);False;1;1791
;(8, 6);MoveEast;(17, 5);False;1;1792
;(8, 6);MoveEast;(17, 5);False;1;1793
;(8, 6);MoveEast;(17, 5);False;1;1794
;(8, 6);MoveEast;(17, 5);False;1;1795
;(8, 6);MoveEast;(17, 5);False;1;1796
;(8, 6);MoveEast;(17, 5);False;1;1797
;(8, 6);MoveEast;(18, 5);False;1;1798
;(8, 6);MoveEast;(18, 5);False;1;1799
;(8, 6);MoveEast;(18, 5);False;1;1800
;(8, 6);MoveEast;(18, 5);False;1;1801
;(8, 6);MoveEast;(18, 5);False;1;1802
;(8, 6);MoveEast;(18, 5);False;1;1803
;(8, 6);MoveEast;(18, 5);False;1;1804
;(8, 6);MoveEast;(18, 5);False;1;1805
;(8, 6);MoveEast;(18, 5);False;1;1806
;(8, 6);MoveEast;(18, 5);False;1;1807
;(8, 6);MoveEast;(18, 5);False;1;1808
;(8, 6);MoveEast;(19, 5);False;1;1809
;(8, 6);MoveWest;(19, 5);False;1;1810
;(8, 6);MoveWest;(19, 5);False;1;1811
;(8, 6);MoveWest;(19, 5);False;1;1812
;(8, 6);MoveWest;(19, 5);False;1;1813
;(8, 6);MoveWest;(19, 5);False;1;1814
;(8, 6);MoveWest;(19, 5);False;1;1815
;(8, 6);MoveWest;(19, 5);False;1;1816
;(8, 6);MoveWest;(19, 5);False;1;1817
;(8, 6);MoveWest;(19, 5);False;1;1818
;(8, 6);MoveWest;(19, 5);False;1;1819
;(8, 6);MoveWest;(18, 5);False;1;1820
;(8, 6);MoveWest;(18, 5);False;1;1821
;(8, 6);MoveWest;(18, 5);False;1;1822
;(8, 6);MoveWest;(18, 5);False;1;1823
;(8, 6);MoveWest;(18, 5);False;1;1824
;(8, 6);MoveWest;(18, 5);False;1;1825
;(8, 6);MoveWest;(18, 5);False;1;1826
;(8, 6);MoveWest;(18, 5);False;1;1827
;(8, 6);MoveWest;(18, 5);False;1;1828
;(8, 6);MoveWest;(18, 5);False;1;1829
;(8, 6);MoveWest;(18, 5);False;1;1830
;(8, 6);MoveWest;(17, 5);False;1;1831
;(8, 6);MoveEast;(17, 5);False;1;1832
;(8, 6);MoveEast;(17, 5);False;1;1833
;(8, 6);MoveEast;(17, 5);False;1;1834
;(8, 6);MoveEast;(17, 5);False;1;1835
;(8, 6);MoveEast;(17, 5);False;1;1836
;(8, 6);MoveEast;(17, 5);False;1;1837
;(8, 6);MoveEast;(17, 5);False;1;1838
;(8, 6);MoveEast;(17, 5);False;1;1839
;(8, 6);MoveEast;(17, 5);False;1;1840
;(8, 6);MoveEast;(17, 5);False;1;1841
;(8, 6);MoveEast;(18, 5);False;1;1842
;(8, 6);MoveEast;(18, 5);False;1;1843
;(8, 6);MoveEast;(18, 5);False;1;1844
;(8, 6);MoveEast;(18, 5);False;1;1845
;(8, 6);MoveEast;(18, 5);False;1;1846
;(8, 6);MoveEast;(18, 5);False;1;1847
;(8, 6);MoveEast;(18, 5);False;1;1848
;(8, 6);MoveEast;(18, 5);False;1;1849
;(8, 6);MoveEast;(18, 5);False;1;1850
;(8, 6);MoveEast;(18, 5);False;1;1851
;(8, 6);MoveEast;(18, 5);False;1;1852
;(8, 6);MoveEast;(19, 5);False;1;1853
;(8, 6);MoveWest;(19, 5);False;1;1854
;(8, 6);MoveWest;(19, 5);False;1;1855
;(8, 6);MoveWest;(19, 5);False;1;1856
;(8, 6);MoveWest;(19, 5);False;1;1857
;(8, 6);MoveWest;(19, 5);False;1;1858
;(8, 6);MoveWest;(19, 5);False;1;1859
;(8, 6);MoveWest;(19, 5);False;1;1860
;(8, 6);MoveWest;(19, 5);False;1;1861
;(8, 6);MoveWest;(19, 5);False;1;1862
;(8, 6);MoveWest;(19, 5);False;1;1863
;(8, 6);MoveWest;(18, 5);False;1;1864
;(8, 6);MoveWest;(18, 5);False;1;1865
;(8, 6);MoveWest;(18, 5);False;1;1866
;(8, 6);MoveWest;(18, 5);False;1;1867
;(8, 6);MoveWest;(18, 5);False;1;1868
;(8, 6);MoveWest;(18, 5);False;1;1869
;(8, 6);MoveWest;(18, 5);False;1;1870
;(8, 6);MoveWest;(18, 5);False;1;1871
;(8, 6);MoveWest;(18, 5);False;1;1872
;(8, 6);MoveWest;(18, 5);False;1;1873
;(8, 6);MoveWest;(18, 5);False;1;1874
;(8, 6);MoveWest;(17, 5);False;1;1875
;(8, 6);;(17, 5);False;1;1876
;(8, 6);Idle;(17, 5);False;1;1877
;(8, 6);Idle;(17, 5);False;1;1878
;(8, 6);Idle;(17, 5);False;1;1879
;(8, 6);Idle;(17, 5);False;1;1880
GrabObject;(8, 6);Idle;(17, 5);False;1;1881
;(8, 6);Idle;(17, 5);False;1;1882
;(8, 6);Idle;(17, 5);False;1;1883
;(8, 6);Idle;(17, 5);False;1;1884
;(8, 6);Idle;(17, 5);False;1;1885
;(8, 6);Idle;(17, 5);False;1;1886
;(8, 6);Idle;(17, 5);False;1;1887
;(8, 6);Idle;(17, 5);False;1;1888
;(8, 6);Idle;(17, 5);False;1;1889
;(8, 6);Idle;(17, 5);False;1;1890
;(8, 6);Idle;(17, 5);False;1;1891
GrabObject;(8, 6);Idle;(17, 5);False;1;1892
;(8, 6);Idle;(17, 5);False;1;1893
;(8, 6);Idle;(17, 5);False;1;1894
;(8, 6);Idle;(17, 5);False;1;1895
;(8, 6);Idle;(17, 5);False;1;1896
;(8, 6);Idle;(17, 5);False;1;1897
;(8, 6);Idle;(17, 5);False;1;1898
;(8, 6);Idle;(17, 5);False;1;1899
;(8, 6);Idle;(17, 5);False;1;1900
GrabObject;(8, 6);Idle;(17, 5);False;1;1901
;(8, 6);Idle;(17, 5);False;1;1902
;(8, 6);Idle;(17, 5);False;1;1903
;(8, 6);Idle;(17, 5);False;1;1904
;(8, 6);Idle;(17, 5);False;1;1905
;(8, 6);Idle;(17, 5);False;1;1906
;(8, 6);Idle;(17, 5);False;1;1907
;(8, 6);Idle;(17, 5);False;1;1908
;(8, 6);Idle;(17, 5);False;1;1909
;(8, 6);Idle;(17, 5);False;1;1910
;(8, 6);Idle;(17, 5);False;1;1911
;(8, 6);Idle;(17, 5);False;1;1912
;(8, 6);Idle;(17, 5);False;1;1913
;(8, 6);Idle;(17, 5);False;1;1914
;(8, 6);Idle;(17, 5);False;1;1915
;(8, 6);Idle;(17, 5);False;1;1916
;(8, 6);Idle;(17, 5);False;1;1917
;(8, 6);Idle;(17, 5);False;1;1918
;(8, 6);Idle;(17, 5);False;1;1919
;(8, 6);Idle;(17, 5);False;1;1920
;(8, 6);Idle;(17, 5);False;1;1921
;(8, 6);Idle;(17, 5);False;1;1922
;(8, 6);Idle;(17, 5);False;1;1923
;(8, 6);Idle;(17, 5);False;1;1924
;(8, 6);Idle;(17, 5);False;1;1925
;(8, 6);Idle;(17, 5);False;1;1926
;(8, 6);Idle;(17, 5);False;1;1927
;(8, 6);Idle;(17, 5);False;1;1928
;(8, 6);Idle;(17, 5);False;1;1929
;(8, 6);Idle;(17, 5);False;1;1930
;(8, 6);Idle;(17, 5);False;1;1931
;(8, 6);;(17, 5);False;1;1932
;(8, 6);MoveWest;(17, 5);False;1;1933
;(8, 6);MoveWest;(17, 5);False;1;1934
;(8, 6);MoveWest;(17, 5);False;1;1935
;(8, 6);MoveWest;(17, 5);False;1;1936
;(8, 6);MoveWest;(17, 5);False;1;1937
;(8, 6);MoveWest;(17, 5);False;1;1938
;(8, 6);MoveWest;(17, 5);False;1;1939
;(8, 6);MoveWest;(17, 5);False;1;1940
;(8, 6);MoveWest;(17, 5);False;1;1941
;(8, 6);MoveWest;(17, 5);False;1;1942
;(8, 6);MoveWest;(16, 5);False;1;1943
;(8, 6);MoveWest;(16, 5);False;1;1944
;(8, 6);MoveWest;(16, 5);False;1;1945
;(8, 6);MoveWest;(16, 5);False;1;1946
;(8, 6);MoveWest;(16, 5);False;1;1947
;(8, 6);MoveWest;(16, 5);False;1;1948
;(8, 6);MoveWest;(16, 5);False;1;1949
;(8, 6);MoveWest;(16, 5);False;1;1950
;(8, 6);MoveWest;(16, 5);False;1;1951
;(8, 6);MoveWest;(16, 5);False;1;1952
;(8, 6);MoveWest;(16, 5);False;1;1953
;(8, 6);MoveWest;(15, 5);False;1;1954
;(8, 6);MoveWest;(15, 5);False;1;1955
;(8, 6);MoveWest;(15, 5);False;1;1956
;(8, 6);MoveWest;(15, 5);False;1;1957
;(8, 6);MoveWest;(15, 5);False;1;1958
;(8, 6);MoveWest;(15, 5);False;1;1959
;(8, 6);MoveWest;(15, 5);False;1;1960
;(8, 6);MoveWest;(15, 5);False;1;1961
;(8, 6);MoveWest;(15, 5);False;1;1962
;(8, 6);MoveWest;(15, 5);False;1;1963
;(8, 6);MoveWest;(15, 5);False;1;1964
;(8, 6);MoveWest;(14, 5);False;1;1965
;(8, 6);MoveWest;(14, 5);False;1;1966
;(8, 6);MoveWest;(14, 5);False;1;1967
;(8, 6);MoveWest;(14, 5);False;1;1968
;(8, 6);MoveWest;(14, 5);False;1;1969
;(8, 6);MoveWest;(14, 5);False;1;1970
;(8, 6);MoveWest;(14, 5);False;1;1971
;(8, 6);MoveWest;(14, 5);False;1;1972
;(8, 6);MoveWest;(14, 5);False;1;1973
;(8, 6);MoveWest;(14, 5);False;1;1974
;(8, 6);MoveWest;(14, 5);False;1;1975
;(8, 6);MoveWest;(13, 5);False;1;1976
;(8, 6);MoveWest;(13, 5);False;1;1977
;(8, 6);MoveWest;(13, 5);False;1;1978
;(8, 6);MoveWest;(13, 5);False;1;1979
;(8, 6);MoveWest;(13, 5);False;1;1980
;(8, 6);MoveWest;(13, 5);False;1;1981
;(8, 6);MoveWest;(13, 5);False;1;1982
;(8, 6);MoveWest;(13, 5);False;1;1983
;(8, 6);MoveWest;(13, 5);False;1;1984
;(8, 6);MoveWest;(13, 5);False;1;1985
;(8, 6);MoveWest;(13, 5);False;1;1986
;(8, 6);MoveWest;(12, 5);False;1;1987
;(8, 6);MoveWest;(12, 5);False;1;1988
;(8, 6);MoveWest;(12, 5);False;1;1989
;(8, 6);MoveWest;(12, 5);False;1;1990
;(8, 6);MoveWest;(12, 5);False;1;1991
;(8, 6);MoveWest;(12, 5);False;1;1992
;(8, 6);MoveWest;(12, 5);False;1;1993
;(8, 6);MoveWest;(12, 5);False;1;1994
;(8, 6);MoveWest;(12, 5);False;1;1995
;(8, 6);MoveWest;(12, 5);False;1;1996
;(8, 6);MoveWest;(12, 5);False;1;1997
;(8, 6);MoveWest;(11, 5);False;1;1998
;(8, 6);MoveWest;(11, 5);False;1;1999
;(8, 6);MoveWest;(11, 5);False;1;2000
;(8, 6);MoveWest;(11, 5);False;1;2001
;(8, 6);MoveWest;(11, 5);False;1;2002
;(8, 6);MoveWest;(11, 5);False;1;2003
;(8, 6);MoveWest;(11, 5);False;1;2004
;(8, 6);MoveWest;(11, 5);False;1;2005
;(8, 6);MoveWest;(11, 5);False;1;2006
;(8, 6);MoveWest;(11, 5);False;1;2007
;(8, 6);MoveWest;(11, 5);False;1;2008
;(8, 6);MoveWest;(10, 5);False;1;2009
;(8, 6);MoveWest;(10, 5);False;1;2010
;(8, 6);MoveWest;(10, 5);False;1;2011
;(8, 6);MoveWest;(10, 5);False;1;2012
;(8, 6);MoveWest;(10, 5);False;1;2013
;(8, 6);MoveWest;(10, 5);False;1;2014
;(8, 6);MoveWest;(10, 5);False;1;2015
;(8, 6);MoveWest;(10, 5);False;1;2016
;(8, 6);MoveWest;(10, 5);False;1;2017
;(8, 6);MoveWest;(10, 5);False;1;2018
;(8, 6);MoveWest;(10, 5);False;1;2019
;(8, 6);MoveWest;(9, 5);False;1;2020
;(8, 6);MoveWest;(9, 5);False;1;2021
;(8, 6);MoveWest;(9, 5);False;1;2022
;(8, 6);MoveWest;(9, 5);False;1;2023
;(8, 6);MoveWest;(9, 5);False;1;2024
;(8, 6);MoveWest;(9, 5);False;1;2025
;(8, 6);MoveWest;(9, 5);False;1;2026
;(8, 6);MoveWest;(9, 5);False;1;2027
;(8, 6);MoveWest;(9, 5);False;1;2028
;(8, 6);MoveWest;(9, 5);False;1;2029
;(8, 6);MoveWest;(9, 5);False;1;2030
;(8, 6);MoveWest;(8, 5);False;1;2031
;(8, 6);GrabLargeObject;(8, 5);False;1;2032
;(8, 6);GrabLargeObject;(8, 5);False;1;2033
;(8, 6);GrabLargeObject;(8, 5);False;1;2034
;(8, 6);GrabLargeObject;(8, 5);False;1;2035
;(8, 6);GrabLargeObject;(8, 5);False;1;2036
;(8, 6);GrabLargeObject;(8, 5);False;1;2037
;(8, 6);GrabLargeObject;(8, 5);False;1;2038
;(8, 6);GrabLargeObject;(8, 5);False;1;2039
;(8, 6);GrabLargeObject;(8, 5);False;1;2040
;(8, 6);GrabLargeObject;(8, 5);False;1;2041
;(8, 6);GrabLargeObject;(8, 5);False;1;2042
;(8, 6);;(8, 5);False;1;2043
;(8, 6);MoveWest;(8, 5);False;1;2044
;(8, 6);MoveWest;(8, 5);False;1;2045
;(8, 6);MoveWest;(8, 5);False;1;2046
;(8, 6);MoveWest;(8, 5);False;1;2047
;(8, 6);MoveWest;(8, 5);False;1;2048
;(8, 6);MoveWest;(8, 5);False;1;2049
;(8, 6);MoveWest;(8, 5);False;1;2050
;(8, 6);MoveWest;(8, 5);False;1;2051
;(8, 6);MoveWest;(8, 5);False;1;2052
;(8, 6);MoveWest;(8, 5);False;1;2053
;(8, 6);MoveWest;(7, 5);False;1;2054
;(8, 6);MoveWest;(7, 5);False;1;2055
;(8, 6);MoveWest;(7, 5);False;1;2056
;(8, 6);MoveWest;(7, 5);False;1;2057
MoveWest;(7, 6);MoveWest;(7, 5);False;1;2058
;(7, 6);MoveWest;(7, 5);False;1;2059
;(7, 6);MoveWest;(7, 5);False;1;2060
;(7, 6);MoveWest;(7, 5);False;1;2061
;(7, 6);MoveWest;(7, 5);False;1;2062
;(7, 6);MoveWest;(7, 5);False;1;2063
;(7, 6);MoveWest;(7, 5);False;1;2064
;(7, 6);MoveWest;(6, 5);False;1;2065
;(7, 6);MoveWest;(6, 5);False;1;2066
;(7, 6);MoveWest;(6, 5);False;1;2067
MoveEast;(8, 6);MoveWest;(6, 5);False;1;2068
;(8, 6);MoveWest;(6, 5);False;1;2069
;(8, 6);MoveWest;(6, 5);False;1;2070
;(8, 6);MoveWest;(6, 5);False;1;2071
;(8, 6);MoveWest;(6, 5);False;1;2072
;(8, 6);MoveWest;(6, 5);False;1;2073
MoveEast;(9, 6);MoveWest;(6, 5);False;1;2074
;(9, 6);MoveWest;(6, 5);False;1;2075
;(9, 6);MoveWest;(5, 5);False;1;2076
MoveEast;(10, 6);MoveWest;(5, 5);False;1;2077
;(10, 6);MoveWest;(5, 5);False;1;2078
;(10, 6);MoveWest;(5, 5);False;1;2079
;(10, 6);MoveWest;(5, 5);False;1;2080
MoveEast;(11, 6);MoveWest;(5, 5);False;1;2081
;(11, 6);MoveWest;(5, 5);False;1;2082
;(11, 6);MoveWest;(5, 5);False;1;2083
MoveEast;(12, 6);MoveWest;(5, 5);False;1;2084
;(12, 6);MoveWest;(5, 5);False;1;2085
;(12, 6);MoveWest;(5, 5);False;1;2086
;(12, 6);MoveWest;(4, 5);False;1;2087
;(12, 6);MoveNorthWest;(4, 5);False;1;2088
;(12, 6);MoveNorthWest;(4, 5);False;1;2089
;(12, 6);MoveNorthWest;(4, 5);False;1;2090
;(12, 6);MoveNorthWest;(4, 5);False;1;2091
;(12, 6);MoveNorthWest;(4, 5);False;1;2092
;(12, 6);MoveNorthWest;(4, 5);False;1;2093
;(12, 6);MoveNorthWest;(4, 5);False;1;2094
;(12, 6);MoveNorthWest;(4, 5);False;1;2095
;(12, 6);MoveNorthWest;(4, 5);False;1;2096
;(12, 6);MoveNorthWest;(4, 5);False;1;2097
;(12, 6);MoveNorthWest;(3, 4);False;1;2098
;(12, 6);MoveWest;(3, 4);False;1;2099
;(12, 6);MoveWest;(3, 4);False;1;2100
;(12, 6);MoveWest;(3, 4);False;1;2101
;(12, 6);MoveWest;(3, 4);False;1;2102
;(12, 6);MoveWest;(3, 4);False;1;2103
;(12, 6);MoveWest;(3, 4);False;1;2104
;(12, 6);MoveWest;(3, 4);False;1;2105
;(12, 6);MoveWest;(3, 4);False;1;2106
;(12, 6);MoveWest;(3, 4);False;1;2107
;(12, 6);MoveWest;(3, 4);False;1;2108
;(12, 6);MoveWest;(2, 4);False;1;2109
;(12, 6);MoveNorthWest;(2, 4);False;1;2110
;(12, 6);MoveNorthWest;(2, 4);False;1;2111
;(12, 6);MoveNorthWest;(2, 4);False;1;2112
;(12, 6);MoveNorthWest;(2, 4);False;1;2113
;(12, 6);MoveNorthWest;(2, 4);False;1;2114
;(12, 6);MoveNorthWest;(2, 4);False;1;2115
;(12, 6);MoveNorthWest;(2, 4);False;1;2116
;(12, 6);MoveNorthWest;(2, 4);False;1;2117
;(12, 6);MoveNorthWest;(2, 4);False;1;2118
;(12, 6);MoveNorthWest;(2, 4);False;1;2119
;(12, 6);MoveNorthWest;(1, 3);False;1;2120
;(12, 6);MoveWest;(1, 3);False;1;2121
;(12, 6);MoveWest;(1, 3);False;1;2122
;(12, 6);MoveWest;(1, 3);False;1;2123
;(12, 6);MoveWest;(1, 3);False;1;2124
;(12, 6);MoveWest;(1, 3);False;1;2125
;(12, 6);MoveWest;(1, 3);False;1;2126
GrabObject;(12, 6);MoveWest;(1, 3);False;1;2127
;(12, 6);MoveWest;(1, 3);False;1;2128
;(12, 6);MoveWest;(1, 3);False;1;2129
;(12, 6);MoveWest;(1, 3);False;1;2130
;(12, 6);MoveWest;(0, 3);False;1;2131
;(12, 6);DropLargeObject;(0, 3);False;1;2132
GrabObject;(12, 6);DropLargeObject;(0, 3);False;1;2133
;(12, 6);DropLargeObject;(0, 3);False;1;2134
;(12, 6);DropLargeObject;(0, 3);False;1;2135
;(12, 6);DropLargeObject;(0, 3);False;1;2136
;(12, 6);DropLargeObject;(0, 3);False;1;2137
;(12, 6);DropLargeObject;(0, 3);False;1;2138
;(12, 6);DropLargeObject;(0, 3);False;1;2139
GrabObject;(12, 6);DropLargeObject;(0, 3);False;1;2140
;(12, 6);DropLargeObject;(0, 3);False;1;2141
;(12, 6);DropLargeObject;(0, 3);False;1;2142
;(12, 6);;(0, 3);False;1;2143
;(12, 6);MoveEast;(0, 3);False;1;2144
;(12, 6);MoveEast;(0, 3);False;1;2145
;(12, 6);MoveEast;(0, 3);False;1;2146
;(12, 6);MoveEast;(0, 3);False;1;2147
;(12, 6);MoveEast;(0, 3);False;1;2148
;(12, 6);MoveEast;(0, 3);False;1;2149
;(12, 6);MoveEast;(0, 3);False;1;2150
;(12, 6);MoveEast;(0, 3);False;1;2151
;(12, 6);MoveEast;(0, 3);False;1;2152
;(12, 6);MoveEast;(0, 3);False;1;2153
;(12, 6);MoveEast;(1, 3);False;1;2154
;(12, 6);MoveSouthEast;(1, 3);False;1;2155
;(12, 6);MoveSouthEast;(1, 3);False;1;2156
;(12, 6);MoveSouthEast;(1, 3);False;1;2157
;(12, 6);MoveSouthEast;(1, 3);False;1;2158
;(12, 6);MoveSouthEast;(1, 3);False;1;2159
;(12, 6);MoveSouthEast;(1, 3);False;1;2160
;(12, 6);MoveSouthEast;(1, 3);False;1;2161
;(12, 6);MoveSouthEast;(1, 3);False;1;2162
;(12, 6);MoveSouthEast;(1, 3);False;1;2163
;(12, 6);MoveSouthEast;(1, 3);False;1;2164
;(12, 6);MoveSouthEast;(2, 4);False;1;2165
;(12, 6);MoveEast;(2, 4);False;1;2166
;(12, 6);MoveEast;(2, 4);False;1;2167
;(12, 6);MoveEast;(2, 4);False;1;2168
;(12, 6);MoveEast;(2, 4);False;1;2169
;(12, 6);MoveEast;(2, 4);False;1;2170
;(12, 6);MoveEast;(2, 4);False;1;2171
;(12, 6);MoveEast;(2, 4);False;1;2172
;(12, 6);MoveEast;(2, 4);False;1;2173
;(12, 6);MoveEast;(2, 4);False;1;2174
;(12, 6);MoveEast;(2, 4);False;1;2175
;(12, 6);MoveEast;(3, 4);False;1;2176
;(12, 6);MoveSouthEast;(3, 4);False;1;2177
;(12, 6);MoveSouthEast;(3, 4);False;1;2178
;(12, 6);MoveSouthEast;(3, 4);False;1;2179
;(12, 6);MoveSouthEast;(3, 4);False;1;2180
;(12, 6);MoveSouthEast;(3, 4);False;1;2181
;(12, 6);MoveSouthEast;(3, 4);False;1;2182
;(12, 6);MoveSouthEast;(3, 4);False;1;2183
;(12, 6);MoveSouthEast;(3, 4);False;1;2184
;(12, 6);MoveSouthEast;(3, 4);False;1;2185
;(12, 6);MoveSouthEast;(3, 4);False;1;2186
;(12, 6);MoveSouthEast;(4, 5);False;1;2187
;(12, 6);MoveEast;(4, 5);False;1;2188
;(12, 6);MoveEast;(4, 5);False;1;2189
;(12, 6);MoveEast;(4, 5);False;1;2190
;(12, 6);MoveEast;(4, 5);False;1;2191
;(12, 6);MoveEast;(4, 5);False;1;2192
;(12, 6);MoveEast;(4, 5);False;1;2193
;(12, 6);MoveEast;(4, 5);False;1;2194
;(12, 6);MoveEast;(4, 5);False;1;2195
;(12, 6);MoveEast;(4, 5);False;1;2196
;(12, 6);MoveEast;(4, 5);False;1;2197
;(12, 6);MoveEast;(5, 5);False;1;2198
;(12, 6);MoveSouthEast;(5, 5);False;1;2199
;(12, 6);MoveSouthEast;(5, 5);False;1;2200
;(12, 6);MoveSouthEast;(5, 5);False;1;2201
;(12, 6);MoveSouthEast;(5, 5);False;1;2202
;(12, 6);MoveSouthEast;(5, 5);False;1;2203
;(12, 6);MoveSouthEast;(5, 5);False;1;2204
;(12, 6);MoveSouthEast;(5, 5);False;1;2205
;(12, 6);MoveSouthEast;(5, 5);False;1;2206
;(12, 6);MoveSouthEast;(5, 5);False;1;2207
;(12, 6);MoveSouthEast;(5, 5);False;1;2208
;(12, 6);MoveSouthEast;(6, 6);False;1;2209
;(12, 6);MoveEast;(6, 6);False;1;2210
;(12, 6);MoveEast;(6, 6);False;1;2211
;(12, 6);MoveEast;(6, 6);False;1;2212
;(12, 6);MoveEast;(6, 6);False;1;2213
;(12, 6);MoveEast;(6, 6);False;1;2214
;(12, 6);MoveEast;(6, 6);False;1;2215
;(12, 6);MoveEast;(6, 6);False;1;2216
;(12, 6);MoveEast;(6, 6);False;1;2217
;(12, 6);MoveEast;(6, 6);False;1;2218
;(12, 6);MoveEast;(6, 6);False;1;2219
;(12, 6);MoveEast;(7, 6);False;1;2220
;(12, 6);MoveEast;(7, 6);False;1;2221
;(12, 6);MoveEast;(7, 6);False;1;2222
;(12, 6);MoveEast;(7, 6);False;1;2223
;(12, 6);MoveEast;(7, 6);False;1;2224
;(12, 6);MoveEast;(7, 6);False;1;2225
;(12, 6);MoveEast;(7, 6);False;1;2226
;(12, 6);MoveEast;(7, 6);False;1;2227
;(12, 6);MoveEast;(7, 6);False;1;2228
;(12, 6);MoveEast;(7, 6);False;1;2229
;(12, 6);MoveEast;(7, 6);False;1;2230
;(12, 6);MoveEast;(8, 6);False;1;2231
;(12, 6);MoveSouthEast;(8, 6);False;1;2232
;(12, 6);MoveSouthEast;(8, 6);False;1;2233
;(12, 6);MoveSouthEast;(8, 6);False;1;2234
;(12, 6);MoveSouthEast;(8, 6);False;1;2235
;(12, 6);MoveSouthEast;(8, 6);False;1;2236
;(12, 6);MoveSouthEast;(8, 6);False;1;2237
;(12, 6);MoveSouthEast;(8, 6);False;1;2238
;(12, 6);MoveSouthEast;(8, 6);False;1;2239
;(12, 6);MoveSouthEast;(8, 6);False;1;2240
;(12, 6);MoveSouthEast;(8, 6);False;1;2241
;(12, 6);MoveSouthEast;(9, 7);False;1;2242
;(12, 6);BreakObject;(9, 7);False;1;2243
;(12, 6);BreakObject;(9, 7);False;1;2244
;(12, 6);BreakObject;(9, 7);False;1;2245
;(12, 6);BreakObject;(9, 7);False;1;2246
;(12, 6);BreakObject;(9, 7);False;1;2247
;(12, 6);BreakObject;(9, 7);False;1;2248
;(12, 6);BreakObject;(9, 7);False;1;2249
;(12, 6);BreakObject;(9, 7);False;1;2250
;(12, 6);BreakObject;(9, 7);False;1;2251
;(12, 6);BreakObject;(9, 7);False;1;2252
;(12, 6);BreakObject;(9, 7);False;1;2253
;(12, 6);;(9, 7);False;1;2254
;(12, 6);MoveNorthEast;(9, 7);False;1;2255
;(12, 6);MoveNorthEast;(9, 7);False;1;2256
;(12, 6);MoveNorthEast;(9, 7);False;1;2257
;(12, 6);MoveNorthEast;(9, 7);False;1;2258
;(12, 6);MoveNorthEast;(9, 7);False;1;2259
;(12, 6);MoveNorthEast;(9, 7);False;1;2260
;(12, 6);MoveNorthEast;(9, 7);False;1;2261
;(12, 6);MoveNorthEast;(9, 7);False;1;2262
;(12, 6);MoveNorthEast;(9, 7);False;1;2263
;(12, 6);MoveNorthEast;(9, 7);False;1;2264
;(12, 6);MoveNorthEast;(10, 6);False;1;2265
MoveSouth;(12, 7);MoveNorthEast;(10, 6);False;1;2266
;(12, 7);MoveNorthEast;(10, 6);False;1;2267
;(12, 7);MoveNorthEast;(10, 6);False;1;2268
;(12, 7);MoveNorthEast;(10, 6);False;1;2269
;(12, 7);MoveNorthEast;(10, 6);False;1;2270
;(12, 7);MoveNorthEast;(10, 6);False;1;2271
MoveSouth;(12, 8);MoveNorthEast;(10, 6);False;1;2272
;(12, 8);MoveNorthEast;(10, 6);False;1;2273
;(12, 8);MoveNorthEast;(10, 6);False;1;2274
MoveSouth;(12, 9);MoveNorthEast;(10, 6);False;1;2275
;(12, 9);MoveNorthEast;(11, 5);False;1;2276
;(12, 9);GrabLargeObject;(11, 5);False;1;2277
;(12, 9);GrabLargeObject;(11, 5);False;1;2278
;(12, 9);GrabLargeObject;(11, 5);False;1;2279
MoveWest;(11, 9);GrabLargeObject;(11, 5);False;1;2280
;(11, 9);GrabLargeObject;(11, 5);False;1;2281
;(11, 9);GrabLargeObject;(11, 5);False;1;2282
;(11, 9);GrabLargeObject;(11, 5);False;1;2283
;(11, 9);GrabLargeObject;(11, 5);False;1;2284
;(11, 9);GrabLargeObject;(11, 5);False;1;2285
;(11, 9);GrabLargeObject;(11, 5);False;1;2286
;(11, 9);GrabLargeObject;(11, 5);False;1;2287
;(11, 9);;(11, 5);False;1;2288
;(11, 9);MoveEast;(11, 5);False;1;2289
MoveNorth;(11, 8);MoveEast;(11, 5);False;1;2290
;(11, 8);MoveEast;(11, 5);False;1;2291
;(11, 8);MoveEast;(11, 5);False;1;2292
;(11, 8);MoveEast;(11, 5);False;1;2293
;(11, 8);MoveEast;(11, 5);False;1;2294
MoveNorth;(11, 7);MoveEast;(11, 5);False;1;2295
;(11, 7);MoveEast;(11, 5);False;1;2296
;(11, 7);MoveEast;(11, 5);False;1;2297
;(11, 7);MoveEast;(11, 5);False;1;2298
;(11, 7);MoveEast;(12, 5);False;1;2299
MoveSouth;(11, 8);MoveEast;(12, 5);False;1;2300
;(11, 8);MoveEast;(12, 5);False;1;2301
;(11, 8);MoveEast;(12, 5);False;1;2302
;(11, 8);MoveEast;(12, 5);False;1;2303
MoveSouth;(11, 9);MoveEast;(12, 5);False;1;2304
;(11, 9);MoveEast;(12, 5);False;1;2305
;(11, 9);MoveEast;(12, 5);False;1;2306
;(11, 9);MoveEast;(12, 5);False;1;2307
MoveSouth;(11, 10);MoveEast;(12, 5);False;1;2308
;(11, 10);MoveEast;(12, 5);False;1;2309
;(11, 10);MoveEast;(13, 5);False;1;2310
;(11, 10);MoveNorthEast;(13, 5);False;1;2311
;(11, 10);MoveNorthEast;(13, 5);False;1;2312
;(11, 10);MoveNorthEast;(13, 5);False;1;2313
;(11, 10);MoveNorthEast;(13, 5);False;1;2314
;(11, 10);MoveNorthEast;(13, 5);False;1;2315
;(11, 10);MoveNorthEast;(13, 5);False;1;2316
DropObject;(11, 10);MoveNorthEast;(13, 5);False;1;2317
;(11, 10);MoveNorthEast;(13, 5);False;1;2318
;(11, 10);MoveNorthEast;(13, 5);False;1;2319
;(11, 10);MoveNorthEast;(13, 5);False;1;2320
;(11, 10);MoveNorthEast;(14, 4);False;1;2321
;(11, 10);MoveEast;(14, 4);False;1;2322
;(11, 10);MoveEast;(14, 4);False;1;2323
;(11, 10);MoveEast;(14, 4);False;1;2324
;(11, 10);MoveEast;(14, 4);False;1;2325
;(11, 10);MoveEast;(14, 4);False;1;2326
;(11, 10);MoveEast;(14, 4);False;1;2327
;(11, 10);MoveEast;(14, 4);False;1;2328
;(11, 10);MoveEast;(14, 4);False;1;2329
;(11, 10);MoveEast;(14, 4);False;1;2330
GrabObject;(11, 10);MoveEast;(14, 4);False;1;2331
;(11, 10);MoveEast;(15, 4);False;1;2332
;(11, 10);MoveNorthEast;(15, 4);False;1;2333
;(11, 10);MoveNorthEast;(15, 4);False;1;2334
MoveEast;(12, 10);MoveNorthEast;(15, 4);False;1;2335
;(12, 10);MoveNorthEast;(15, 4);False;1;2336
;(12, 10);MoveNorthEast;(15, 4);False;1;2337
;(12, 10);MoveNorthEast;(15, 4);False;1;2338
MoveEast;(13, 10);MoveNorthEast;(15, 4);False;1;2339
;(13, 10);MoveNorthEast;(15, 4);False;1;2340
;(13, 10);MoveNorthEast;(15, 4);False;1;2341
;(13, 10);MoveNorthEast;(15, 4);False;1;2342
MoveEast;(14, 10);MoveNorthEast;(16, 3);False;1;2343
;(14, 10);MoveEast;(16, 3);False;1;2344
;(14, 10);MoveEast;(16, 3);False;1;2345
;(14, 10);MoveEast;(16, 3);False;1;2346
;(14, 10);MoveEast;(16, 3);False;1;2347
;(14, 10);MoveEast;(16, 3);False;1;2348
;(14, 10);MoveEast;(16, 3);False;1;2349
DropObject;(14, 10);MoveEast;(16, 3);False;1;2350
;(14, 10);MoveEast;(16, 3);False;1;2351
;(14, 10);MoveEast;(16, 3);False;1;2352
MoveWest;(13, 10);MoveEast;(16, 3);False;1;2353
;(13, 10);MoveEast;(17, 3);False;1;2354
;(13, 10);DropLargeObject;(17, 3);False;1;2355
;(13, 10);DropLargeObject;(17, 3);False;1;2356
MoveWest;(12, 10);DropLargeObject;(17, 3);False;1;2357
;(12, 10);DropLargeObject;(17, 3);False;1;2358
;(12, 10);DropLargeObject;(17, 3);False;1;2359
MoveWest;(11, 10);DropLargeObject;(17, 3);False;1;2360
;(11, 10);DropLargeObject;(17, 3);False;1;2361
;(11, 10);DropLargeObject;(17, 3);False;1;2362
MoveWest;(10, 10);DropLargeObject;(17, 3);False;1;2363
;(10, 10);DropLargeObject;(17, 3);False;1;2364
;(10, 10);DropLargeObject;(17, 3);False;1;2365
MoveWest;(9, 10);;(17, 3);False;1;2366
;(9, 10);Idle;(17, 3);False;1;2367
;(9, 10);Idle;(17, 3);False;1;2368
;(9, 10);Idle;(17, 3);False;1;2369
;(9, 10);Idle;(17, 3);False;1;2370
;(9, 10);Idle;(17, 3);False;1;2371
;(9, 10);Idle;(17, 3);False;1;2372
;(9, 10);Idle;(17, 3);False;1;2373
;(9, 10);Idle;(17, 3);False;1;2374
MoveEast;(10, 10);Idle;(17, 3);False;1;2375
;(10, 10);Idle;(17, 3);False;1;2376
GrabObject;(10, 10);Idle;(17, 3);False;1;2377
;(10, 10);Idle;(17, 3);False;1;2378
;(10, 10);Idle;(17, 3);False;1;2379
;(10, 10);Idle;(17, 3);False;1;2380
;(10, 10);Idle;(17, 3);False;1;2381
;(10, 10);Idle;(17, 3);False;1;2382
;(10, 10);Idle;(17, 3);False;1;2383
MoveEast;(11, 10);Idle;(17, 3);False;1;2384
;(11, 10);Idle;(17, 3);False;1;2385
;(11, 10);Idle;(17, 3);False;1;2386
;(11, 10);Idle;(17, 3);False;1;2387
;(11, 10);Idle;(17, 3);False;1;2388
;(11, 10);Idle;(17, 3);False;1;2389
MoveEast;(12, 10);Idle;(17, 3);False;1;2390
;(12, 10);Idle;(17, 3);False;1;2391
;(12, 10);Idle;(17, 3);False;1;2392
;(12, 10);Idle;(17, 3);False;1;2393
MoveEast;(13, 10);Idle;(17, 3);False;1;2394
;(13, 10);Idle;(17, 3);False;1;2395
MoveEast;(14, 10);Idle;(17, 3);False;1;2396
;(14, 10);Idle;(17, 3);False;1;2397
;(14, 10);Idle;(17, 3);False;1;2398
;(14, 10);Idle;(17, 3);False;1;2399
;(14, 10);Idle;(17, 3);False;1;2400
;(14, 10);Idle;(17, 3);False;1;2401
;(14, 10);Idle;(17, 3);False;1;2402
;(14, 10);Idle;(17, 3);False;1;2403
;(14, 10);Idle;(17, 3);False;1;2404
;(14, 10);Idle;(17, 3);False;1;2405
GrabObject;(14, 10);Idle;(17, 3);False;1;2406
;(14, 10);Idle;(17, 3);False;1;2407
MoveWest;(13, 10);Idle;(17, 3);False;1;2408
;(13, 10);Idle;(17, 3);False;1;2409
;(13, 10);Idle;(17, 3);False;1;2410
MoveWest;(12, 10);Idle;(17, 3);False;1;2411
;(12, 10);Idle;(17, 3);False;1;2412
;(12, 10);Idle;(17, 3);False;1;2413
MoveWest;(11, 10);Idle;(17, 3);False;1;2414
;(11, 10);Idle;(17, 3);False;1;2415
;(11, 10);Idle;(17, 3);False;1;2416
MoveWest;(10, 10);Idle;(17, 3);False;1;2417
;(10, 10);Idle;(17, 3);False;1;2418
;(10, 10);Idle;(17, 3);False;1;2419
;(10, 10);Idle;(17, 3);False;1;2420
;(10, 10);Idle;(17, 3);False;1;2421
MoveEast;(11, 10);;(17, 3);False;1;2422
;(11, 10);MoveSouthWest;(17, 3);False;1;2423
;(11, 10);MoveSouthWest;(17, 3);False;1;2424
;(11, 10);MoveSouthWest;(17, 3);False;1;2425
;(11, 10);MoveSouthWest;(17, 3);False;1;2426
MoveEast;(12, 10);MoveSouthWest;(17, 3);False;1;2427
;(12, 10);MoveSouthWest;(17, 3);False;1;2428
;(12, 10);MoveSouthWest;(17, 3);False;1;2429
MoveEast;(13, 10);MoveSouthWest;(17, 3);False;1;2430
;(13, 10);MoveSouthWest;(17, 3);False;1;2431
;(13, 10);MoveSouthWest;(17, 3);False;1;2432
MoveEast;(14, 10);MoveSouthWest;(16, 4);False;1;2433
;(14, 10);MoveWest;(16, 4);False;1;2434
;(14, 10);MoveWest;(16, 4);False;1;2435
;(14, 10);MoveWest;(16, 4);False;1;2436
;(14, 10);MoveWest;(16, 4);False;1;2437
DropObject;(14, 10);MoveWest;(16, 4);False;1;2438
;(14, 10);MoveWest;(16, 4);False;1;2439
;(14, 10);MoveWest;(16, 4);False;1;2440
;(14, 10);MoveWest;(16, 4);False;1;2441
;(14, 10);MoveWest;(16, 4);False;1;2442
;(14, 10);MoveWest;(16, 4);False;1;2443
;(14, 10);MoveWest;(15, 4);False;1;2444
;(14, 10);MoveSouthWest;(15, 4);False;1;2445
MoveNorth;(14, 9);MoveSouthWest;(15, 4);False;1;2446
;(14, 9);MoveSouthWest;(15, 4);False;1;2447
;(14, 9);MoveSouthWest;(15, 4);False;1;2448
;(14, 9);MoveSouthWest;(15, 4);False;1;2449
;(14, 9);MoveSouthWest;(15, 4);False;1;2450
MoveWest;(13, 9);MoveSouthWest;(15, 4);False;1;2451
;(13, 9);MoveSouthWest;(15, 4);False;1;2452
;(13, 9);MoveSouthWest;(15, 4);False;1;2453
;(13, 9);MoveSouthWest;(15, 4);False;1;2454
MoveWest;(12, 9);MoveSouthWest;(14, 5);False;1;2455
;(12, 9);MoveSouthWest;(14, 5);False;1;2456
;(12, 9);MoveSouthWest;(14, 5);False;1;2457
MoveWest;(11, 9);MoveSouthWest;(14, 5);False;1;2458
;(11, 9);MoveSouthWest;(14, 5);False;1;2459
;(11, 9);MoveSouthWest;(14, 5);False;1;2460
MoveWest;(10, 9);MoveSouthWest;(14, 5);False;1;2461
;(10, 9);MoveSouthWest;(14, 5);False;1;2462
;(10, 9);MoveSouthWest;(14, 5);False;1;2463
;(10, 9);MoveSouthWest;(14, 5);False;1;2464
;(10, 9);MoveSouthWest;(14, 5);False;1;2465
;(10, 9);MoveSouthWest;(13, 6);False;1;2466
MoveSouth;(10, 10);MoveSouthWest;(13, 6);False;1;2467
;(10, 10);MoveSouthWest;(13, 6);False;1;2468
;(10, 10);MoveSouthWest;(13, 6);False;1;2469
MoveWest;(9, 10);MoveSouthWest;(13, 6);False;1;2470
;(9, 10);MoveSouthWest;(13, 6);False;1;2471
;(9, 10);MoveSouthWest;(13, 6);False;1;2472
;(9, 10);MoveSouthWest;(13, 6);False;1;2473
;(9, 10);MoveSouthWest;(13, 6);False;1;2474
;(9, 10);MoveSouthWest;(13, 6);False;1;2475
GrabObject;(9, 10);MoveSouthWest;(13, 6);False;1;2476
;(9, 10);MoveSouthWest;(12, 7);False;1;2477
;(9, 10);GrabObject;(12, 7);False;1;2478
;(9, 10);GrabObject;(12, 7);False;1;2479
;(9, 10);GrabObject;(12, 7);False;1;2480
MoveWest;(8, 10);GrabObject;(12, 7);False;1;2481
;(8, 10);GrabObject;(12, 7);False;1;2482
;(8, 10);GrabObject;(12, 7);False;1;2483
;(8, 10);GrabObject;(12, 7);False;1;2484
MoveWest;(7, 10);GrabObject;(12, 7);False;1;2485
;(7, 10);GrabObject;(12, 7);False;1;2486
;(7, 10);GrabObject;(12, 7);False;1;2487
MoveWest;(6, 10);GrabObject;(12, 7);False;1;2488
;(6, 10);;(12, 7);False;1;2489
;(6, 10);MoveSouthWest;(12, 7);False;1;2490
MoveWest;(5, 10);MoveSouthWest;(12, 7);False;1;2491
;(5, 10);MoveSouthWest;(12, 7);False;1;2492
;(5, 10);MoveSouthWest;(12, 7);False;1;2493
DropObject;(5, 10);MoveSouthWest;(12, 7);False;1;2494
;(5, 10);MoveSouthWest;(12, 7);False;1;2495
;(5, 10);MoveSouthWest;(12, 7);False;1;2496
;(5, 10);MoveSouthWest;(12, 7);False;1;2497
;(5, 10);MoveSouthWest;(12, 7);False;1;2498
;(5, 10);MoveSouthWest;(12, 7);False;1;2499
;(5, 10);MoveSouthWest;(11, 8);False;1;2500
;(5, 10);MoveWest;(11, 8);False;1;2501
;(5, 10);MoveWest;(11, 8);False;1;2502
;(5, 10);MoveWest;(11, 8);False;1;2503
;(5, 10);MoveWest;(11, 8);False;1;2504
;(5, 10);MoveWest;(11, 8);False;1;2505
;(5, 10);MoveWest;(11, 8);False;1;2506
;(5, 10);MoveWest;(11, 8);False;1;2507
;(5, 10);MoveWest;(11, 8);False;1;2508
;(5, 10);MoveWest;(11, 8);False;1;2509
;(5, 10);MoveWest;(11, 8);False;1;2510
;(5, 10);MoveWest;(10, 8);False;1;2511
;(5, 10);MoveSouthWest;(10, 8);False;1;2512
;(5, 10);MoveSouthWest;(10, 8);False;1;2513
;(5, 10);MoveSouthWest;(10, 8);False;1;2514
;(5, 10);MoveSouthWest;(10, 8);False;1;2515
;(5, 10);MoveSouthWest;(10, 8);False;1;2516
MoveNorth;(5, 9);MoveSouthWest;(10, 8);False;1;2517
;(5, 9);MoveSouthWest;(10, 8);False;1;2518
;(5, 9);MoveSouthWest;(10, 8);False;1;2519
;(5, 9);MoveSouthWest;(10, 8);False;1;2520
;(5, 9);MoveSouthWest;(10, 8);False;1;2521
;(5, 9);MoveSouthWest;(9, 9);False;1;2522
MoveNorth;(5, 8);MoveWest;(9, 9);False;1;2523
;(5, 8);MoveWest;(9, 9);False;1;2524
;(5, 8);MoveWest;(9, 9);False;1;2525
;(5, 8);MoveWest;(9, 9);False;1;2526
;(5, 8);MoveWest;(9, 9);False;1;2527
MoveEast;(6, 8);MoveWest;(9, 9);False;1;2528
;(6, 8);MoveWest;(9, 9);False;1;2529
;(6, 8);MoveWest;(9, 9);False;1;2530
;(6, 8);MoveWest;(9, 9);False;1;2531
;(6, 8);MoveWest;(9, 9);False;1;2532
MoveEast;(7, 8);MoveWest;(8, 9);False;1;2533
;(7, 8);MoveWest;(8, 9);False;1;2534
;(7, 8);MoveWest;(8, 9);False;1;2535
MoveEast;(8, 8);MoveWest;(8, 9);False;1;2536
;(8, 8);MoveWest;(8, 9);False;1;2537
;(8, 8);MoveWest;(8, 9);False;1;2538
;(8, 8);MoveWest;(8, 9);False;1;2539
MoveEast;(9, 8);MoveWest;(8, 9);False;1;2540
;(9, 8);MoveWest;(8, 9);False;1;2541
;(9, 8);MoveWest;(8, 9);False;1;2542
MoveEast;(10, 8);MoveWest;(8, 9);False;1;2543
;(10, 8);MoveWest;(7, 9);False;1;2544
;(10, 8);MoveSouthWest;(7, 9);False;1;2545
;(10, 8);MoveSouthWest;(7, 9);False;1;2546
MoveEast;(11, 8);MoveSouthWest;(7, 9);False;1;2547
;(11, 8);MoveSouthWest;(7, 9);False;1;2548
;(11, 8);MoveSouthWest;(7, 9);False;1;2549
;(11, 8);MoveSouthWest;(7, 9);False;1;2550
MoveEast;(12, 8);MoveSouthWest;(7, 9);False;1;2551
;(12, 8);MoveSouthWest;(7, 9);False;1;2552
;(12, 8);MoveSouthWest;(7, 9);False;1;2553
;(12, 8);MoveSouthWest;(7, 9);False;1;2554
;(12, 8);MoveSouthWest;(6, 10);False;1;2555
;(12, 8);Idle;(6, 10);False;1;2556
;(12, 8);Idle;(6, 10);False;1;2557
;(12, 8);Idle;(6, 10);False;1;2558
;(12, 8);Idle;(6, 10);False;1;2559
;(12, 8);Idle;(6, 10);False;1;2560
;(12, 8);Idle;(6, 10);False;1;2561
;(12, 8);Idle;(6, 10);False;1;2562
;(12, 8);Idle;(6, 10);False;1;2563
;(12, 8);Idle;(6, 10);False;1;2564
;(12, 8);Idle;(6, 10);False;1;2565
;(12, 8);Idle;(6, 10);False;1;2566
DropObject;(12, 8);Idle;(6, 10);False;1;2567
;(12, 8);Idle;(6, 10);False;1;2568
;(12, 8);Idle;(6, 10);False;1;2569
;(12, 8);Idle;(6, 10);False;1;2570
;(12, 8);Idle;(6, 10);False;1;2571
;(12, 8);Idle;(6, 10);False;1;2572
;(12, 8);Idle;(6, 10);False;1;2573
;(12, 8);Idle;(6, 10);False;1;2574
;(12, 8);Idle;(6, 10);False;1;2575
GrabObject;(12, 8);Idle;(6, 10);False;1;2576
;(12, 8);Idle;(6, 10);False;1;2577
;(12, 8);Idle;(6, 10);False;1;2578
MoveEast;(13, 8);Idle;(6, 10);False;1;2579
;(13, 8);Idle;(6, 10);False;1;2580
;(13, 8);Idle;(6, 10);False;1;2581
;(13, 8);Idle;(6, 10);False;1;2582
;(13, 8);Idle;(6, 10);False;1;2583
MoveEast;(14, 8);Idle;(6, 10);False;1;2584
;(14, 8);Idle;(6, 10);False;1;2585
;(14, 8);Idle;(6, 10);False;1;2586
;(14, 8);Idle;(6, 10);False;1;2587
;(14, 8);Idle;(6, 10);False;1;2588
;(14, 8);Idle;(6, 10);False;1;2589
;(14, 8);Idle;(6, 10);False;1;2590
DropObject;(14, 8);Idle;(6, 10);False;1;2591
;(14, 8);Idle;(6, 10);False;1;2592
;(14, 8);Idle;(6, 10);False;1;2593
;(14, 8);Idle;(6, 10);False;1;2594
;(14, 8);Idle;(6, 10);False;1;2595
;(14, 8);Idle;(6, 10);False;1;2596
;(14, 8);Idle;(6, 10);False;1;2597
;(14, 8);Idle;(6, 10);False;1;2598
MoveSouth;(14, 9);Idle;(6, 10);False;1;2599
;(14, 9);Idle;(6, 10);False;1;2600
;(14, 9);Idle;(6, 10);False;1;2601
;(14, 9);Idle;(6, 10);False;1;2602
;(14, 9);Idle;(6, 10);False;1;2603
MoveWest;(13, 9);Idle;(6, 10);False;1;2604
;(13, 9);Idle;(6, 10);False;1;2605
;(13, 9);Idle;(6, 10);False;1;2606
;(13, 9);Idle;(6, 10);False;1;2607
;(13, 9);Idle;(6, 10);False;1;2608
MoveNorth;(13, 8);Idle;(6, 10);False;1;2609
;(13, 8);Idle;(6, 10);False;1;2610
;(13, 8);;(6, 10);False;1;2611
;(13, 8);MoveEast;(6, 10);False;1;2612
;(13, 8);MoveEast;(6, 10);False;1;2613
;(13, 8);MoveEast;(6, 10);False;1;2614
;(13, 8);MoveEast;(6, 10);False;1;2615
;(13, 8);MoveEast;(6, 10);False;1;2616
;(13, 8);MoveEast;(6, 10);False;1;2617
;(13, 8);MoveEast;(6, 10);False;1;2618
GrabObject;(13, 8);MoveEast;(6, 10);False;1;2619
;(13, 8);MoveEast;(6, 10);False;1;2620
;(13, 8);MoveEast;(6, 10);False;1;2621
;(13, 8);MoveEast;(7, 10);False;1;2622
;(13, 8);MoveEast;(7, 10);False;1;2623
MoveNorth;(13, 7);MoveEast;(7, 10);False;1;2624
;(13, 7);MoveEast;(7, 10);False;1;2625
;(13, 7);MoveEast;(7, 10);False;1;2626
;(13, 7);MoveEast;(7, 10);False;1;2627
MoveEast;(14, 7);MoveEast;(7, 10);False;1;2628
;(14, 7);MoveEast;(7, 10);False;1;2629
;(14, 7);MoveEast;(7, 10);False;1;2630
;(14, 7);MoveEast;(7, 10);False;1;2631
;(14, 7);MoveEast;(7, 10);False;1;2632
;(14, 7);MoveEast;(8, 10);False;1;2633
;(14, 7);MoveEast;(8, 10);False;1;2634
;(14, 7);MoveEast;(8, 10);False;1;2635
;(14, 7);MoveEast;(8, 10);False;1;2636
DropObject;(14, 7);MoveEast;(8, 10);False;1;2637
;(14, 7);MoveEast;(8, 10);False;1;2638
;(14, 7);MoveEast;(8, 10);False;1;2639
;(14, 7);MoveEast;(8, 10);False;1;2640
;(14, 7);MoveEast;(8, 10);False;1;2641
;(14, 7);MoveEast;(8, 10);False;1;2642
;(14, 7);MoveEast;(8, 10);False;1;2643
MoveSouth;(14, 8);MoveEast;(9, 10);False;1;2644
;(14, 8);MoveNorthEast;(9, 10);False;1;2645
;(14, 8);MoveNorthEast;(9, 10);False;1;2646
;(14, 8);MoveNorthEast;(9, 10);False;1;2647
;(14, 8);MoveNorthEast;(9, 10);False;1;2648
;(14, 8);MoveNorthEast;(9, 10);False;1;2649
;(14, 8);MoveNorthEast;(9, 10);False;1;2650
MoveWest;(13, 8);MoveNorthEast;(9, 10);False;1;2651
;(13, 8);MoveNorthEast;(9, 10);False;1;2652
;(13, 8);MoveNorthEast;(9, 10);False;1;2653
;(13, 8);MoveNorthEast;(9, 10);False;1;2654
;(13, 8);MoveNorthEast;(10, 9);False;1;2655
;(13, 8);MoveEast;(10, 9);False;1;2656
;(13, 8);MoveEast;(10, 9);False;1;2657
;(13, 8);MoveEast;(10, 9);False;1;2658
MoveSouth;(13, 9);MoveEast;(10, 9);False;1;2659
;(13, 9);MoveEast;(10, 9);False;1;2660
;(13, 9);MoveEast;(10, 9);False;1;2661
;(13, 9);MoveEast;(10, 9);False;1;2662
;(13, 9);MoveEast;(10, 9);False;1;2663
;(13, 9);MoveEast;(10, 9);False;1;2664
;(13, 9);MoveEast;(10, 9);False;1;2665
MoveSouth;(13, 10);MoveEast;(11, 9);False;1;2666
;(13, 10);MoveNorthEast;(11, 9);False;1;2667
;(13, 10);MoveNorthEast;(11, 9);False;1;2668
;(13, 10);MoveNorthEast;(11, 9);False;1;2669
;(13, 10);MoveNorthEast;(11, 9);False;1;2670
;(13, 10);MoveNorthEast;(11, 9);False;1;2671
;(13, 10);MoveNorthEast;(11, 9);False;1;2672
;(13, 10);MoveNorthEast;(11, 9);False;1;2673
;(13, 10);MoveNorthEast;(11, 9);False;1;2674
MoveWest;(12, 10);MoveNorthEast;(11, 9);False;1;2675
;(12, 10);MoveNorthEast;(11, 9);False;1;2676
;(12, 10);MoveNorthEast;(12, 8);False;1;2677
;(12, 10);MoveEast;(12, 8);False;1;2678
;(12, 10);MoveEast;(12, 8);False;1;2679
;(12, 10);MoveEast;(12, 8);False;1;2680
;(12, 10);MoveEast;(12, 8);False;1;2681
;(12, 10);MoveEast;(12, 8);False;1;2682
GrabObject;(12, 10);MoveEast;(12, 8);False;1;2683
;(12, 10);MoveEast;(12, 8);False;1;2684
;(12, 10);MoveEast;(12, 8);False;1;2685
;(12, 10);MoveEast;(12, 8);False;1;2686
GrabObject;(12, 10);MoveEast;(12, 8);False;1;2687
;(12, 10);MoveEast;(13, 8);False;1;2688
;(12, 10);GrabObject;(13, 8);False;1;2689
;(12, 10);GrabObject;(13, 8);False;1;2690
;(12, 10);GrabObject;(13, 8);False;1;2691
;(12, 10);GrabObject;(13, 8);False;1;2692
;(12, 10);GrabObject;(13, 8);False;1;2693
;(12, 10);GrabObject;(13, 8);False;1;2694
;(12, 10);GrabObject;(13, 8);False;1;2695
;(12, 10);GrabObject;(13, 8);False;1;2696
GrabObject;(12, 10);GrabObject;(13, 8);False;1;2697
;(12, 10);GrabObject;(13, 8);False;1;2698
;(12, 10);GrabObject;(13, 8);False;1;2699
;(12, 10);;(13, 8);False;1;2700
;(12, 10);Idle;(13, 8);False;1;2701
;(12, 10);Idle;(13, 8);False;1;2702
;(12, 10);Idle;(13, 8);False;1;2703
;(12, 10);Idle;(13, 8);False;1;2704
;(12, 10);Idle;(13, 8);False;1;2705
;(12, 10);Idle;(13, 8);False;1;2706
;(12, 10);Idle;(13, 8);False;1;2707
;(12, 10);Idle;(13, 8);False;1;2708
;(12, 10);Idle;(13, 8);False;1;2709
;(12, 10);Idle;(13, 8);False;1;2710
;(12, 10);Idle;(13, 8);False;1;2711
;(12, 10);Idle;(13, 8);False;1;2712
;(12, 10);Idle;(13, 8);False;1;2713
;(12, 10);Idle;(13, 8);False;1;2714
;(12, 10);Idle;(13, 8);False;1;2715
;(12, 10);Idle;(13, 8);False;1;2716
;(12, 10);Idle;(13, 8);False;1;2717
;(12, 10);Idle;(13, 8);False;1;2718
;(12, 10);Idle;(13, 8);False;1;2719
;(12, 10);Idle;(13, 8);False;1;2720
;(12, 10);Idle;(13, 8);False;1;2721
;(12, 10);Idle;(13, 8);False;1;2722
;(12, 10);Idle;(13, 8);False;1;2723
;(12, 10);Idle;(13, 8);False;1;2724
;(12, 10);Idle;(13, 8);False;1;2725
;(12, 10);Idle;(13, 8);False;1;2726
;(12, 10);Idle;(13, 8);False;1;2727
;(12, 10);Idle;(13, 8);False;1;2728
;(12, 10);Idle;(13, 8);False;1;2729
;(12, 10);Idle;(13, 8);False;1;2730
;(12, 10);Idle;(13, 8);False;1;2731
;(12, 10);Idle;(13, 8);False;1;2732
;(12, 10);Idle;(13, 8);False;1;2733
;(12, 10);Idle;(13, 8);False;1;2734
;(12, 10);Idle;(13, 8);False;1;2735
;(12, 10);Idle;(13, 8);False;1;2736
;(12, 10);Idle;(13, 8);False;1;2737
;(12, 10);Idle;(13, 8);False;1;2738
;(12, 10);Idle;(13, 8);False;1;2739
;(12, 10);Idle;(13, 8);False;1;2740
;(12, 10);Idle;(13, 8);False;1;2741
;(12, 10);Idle;(13, 8);False;1;2742
;(12, 10);Idle;(13, 8);False;1;2743
;(12, 10);Idle;(13, 8);False;1;2744
;(12, 10);Idle;(13, 8);False;1;2745
;(12, 10);Idle;(13, 8);False;1;2746
;(12, 10);Idle;(13, 8);False;1;2747
;(12, 10);Idle;(13, 8);False;1;2748
;(12, 10);Idle;(13, 8);False;1;2749
;(12, 10);Idle;(13, 8);False;1;2750
;(12, 10);Idle;(13, 8);False;1;2751
;(12, 10);Idle;(13, 8);False;1;2752
;(12, 10);Idle;(13, 8);False;1;2753
;(12, 10);Idle;(13, 8);False;1;2754
;(12, 10);Idle;(13, 8);False;1;2755
;(12, 10);;(13, 8);False;1;2756
;(12, 10);MoveEast;(13, 8);False;1;2757
;(12, 10);MoveEast;(13, 8);False;1;2758
;(12, 10);MoveEast;(13, 8);False;1;2759
;(12, 10);MoveEast;(13, 8);False;1;2760
;(12, 10);MoveEast;(13, 8);False;1;2761
;(12, 10);MoveEast;(13, 8);False;1;2762
;(12, 10);MoveEast;(13, 8);False;1;2763
;(12, 10);MoveEast;(13, 8);False;1;2764
;(12, 10);MoveEast;(13, 8);False;1;2765
;(12, 10);MoveEast;(13, 8);False;1;2766
;(12, 10);MoveEast;(14, 8);False;1;2767
;(12, 10);MoveEast;(14, 8);False;1;2768
;(12, 10);MoveEast;(14, 8);False;1;2769
;(12, 10);MoveEast;(14, 8);False;1;2770
;(12, 10);MoveEast;(14, 8);False;1;2771
;(12, 10);MoveEast;(14, 8);False;1;2772
;(12, 10);MoveEast;(14, 8);False;1;2773
;(12, 10);MoveEast;(14, 8);False;1;2774
;(12, 10);MoveEast;(14, 8);False;1;2775
;(12, 10);MoveEast;(14, 8);False;1;2776
;(12, 10);MoveEast;(14, 8);False;1;2777
;(12, 10);MoveEast;(15, 8);False;1;2778
;(12, 10);MoveWest;(15, 8);False;1;2779
;(12, 10);MoveWest;(15, 8);False;1;2780
;(12, 10);MoveWest;(15, 8);False;1;2781
;(12, 10);MoveWest;(15, 8);False;1;2782
;(12, 10);MoveWest;(15, 8);False;1;2783
;(12, 10);MoveWest;(15, 8);False;1;2784
;(12, 10);MoveWest;(15, 8);False;1;2785
;(12, 10);MoveWest;(15, 8);False;1;2786
;(12, 10);MoveWest;(15, 8);False;1;2787
;(12, 10);MoveWest;(15, 8);False;1;2788
;(12, 10);MoveWest;(14, 8);False;1;2789
;(12, 10);MoveWest;(14, 8);False;1;2790
;(12, 10);MoveWest;(14, 8);False;1;2791
;(12, 10);MoveWest;(14, 8);False;1;2792
;(12, 10);MoveWest;(14, 8);False;1;2793
;(12, 10);MoveWest;(14, 8);False;1;2794
;(12, 10);MoveWest;(14, 8);False;1;2795
;(12, 10);MoveWest;(14, 8);False;1;2796
;(12, 10);MoveWest;(14, 8);False;1;2797
;(12, 10);MoveWest;(14, 8);False;1;2798
;(12, 10);MoveWest;(14, 8);False;1;2799
;(12, 10);MoveWest;(13, 8);False;1;2800
;(12, 10);MoveEast;(13, 8);False;1;2801
;(12, 10);MoveEast;(13, 8);False;1;2802
;(12, 10);MoveEast;(13, 8);False;1;2803
;(12, 10);MoveEast;(13, 8);False;1;2804
;(12, 10);MoveEast;(13, 8);False;1;2805
;(12, 10);MoveEast;(13, 8);False;1;2806
;(12, 10);MoveEast;(13, 8);False;1;2807
;(12, 10);MoveEast;(13, 8);False;1;2808
;(12, 10);MoveEast;(13, 8);False;1;2809
MoveWest;(11, 10);MoveEast;(13, 8);False;1;2810
;(11, 10);MoveEast;(14, 8);False;1;2811
;(11, 10);MoveEast;(14, 8);False;1;2812
;(11, 10);MoveEast;(14, 8);False;1;2813
MoveWest;(10, 10);MoveEast;(14, 8);False;1;2814
;(10, 10);MoveEast;(14, 8);False;1;2815
;(10, 10);MoveEast;(14, 8);False;1;2816
MoveWest;(9, 10);MoveEast;(14, 8);False;1;2817
;(9, 10);MoveEast;(14, 8);False;1;2818
;(9, 10);MoveEast;(14, 8);False;1;2819
;(9, 10);MoveEast;(14, 8);False;1;2820
;(9, 10);MoveEast;(14, 8);False;1;2821
MoveWest;(8, 10);MoveEast;(15, 8);False;1;2822
;(8, 10);MoveWest;(15, 8);False;1;2823
MoveWest;(7, 10);MoveWest;(15, 8);False;1;2824
;(7, 10);MoveWest;(15, 8);False;1;2825
;(7, 10);MoveWest;(15, 8);False;1;2826
MoveWest;(6, 10);MoveWest;(15, 8);False;1;2827
;(6, 10);MoveWest;(15, 8);False;1;2828
;(6, 10);MoveWest;(15, 8);False;1;2829
;(6, 10);MoveWest;(15, 8);False;1;2830
;(6, 10);MoveWest;(15, 8);False;1;2831
;(6, 10);MoveWest;(15, 8);False;1;2832
;(6, 10);MoveWest;(14, 8);False;1;2833
;(6, 10);MoveWest;(14, 8);False;1;2834
;(6, 10);MoveWest;(14, 8);False;1;2835
MoveEast;(7, 10);MoveWest;(14, 8);False;1;2836
;(7, 10);MoveWest;(14, 8);False;1;2837
;(7, 10);MoveWest;(14, 8);False;1;2838
;(7, 10);MoveWest;(14, 8);False;1;2839
;(7, 10);MoveWest;(14, 8);False;1;2840
;(7, 10);MoveWest;(14, 8);False;1;2841
;(7, 10);MoveWest;(14, 8);False;1;2842
;(7, 10);MoveWest;(14, 8);False;1;2843
;(7, 10);MoveWest;(13, 8);False;1;2844
GrabObject;(7, 10);MoveEast;(13, 8);False;1;2845
;(7, 10);MoveEast;(13, 8);False;1;2846
;(7, 10);MoveEast;(13, 8);False;1;2847
;(7, 10);MoveEast;(13, 8);False;1;2848
;(7, 10);MoveEast;(13, 8);False;1;2849
;(7, 10);MoveEast;(13, 8);False;1;2850
;(7, 10);MoveEast;(13, 8);False;1;2851
;(7, 10);MoveEast;(13, 8);False;1;2852
MoveWest;(6, 10);MoveEast;(13, 8);False;1;2853
;(6, 10);MoveEast;(13, 8);False;1;2854
;(6, 10);MoveEast;(14, 8);False;1;2855
;(6, 10);MoveEast;(14, 8);False;1;2856
MoveWest;(5, 10);MoveEast;(14, 8);False;1;2857
;(5, 10);MoveEast;(14, 8);False;1;2858
;(5, 10);MoveEast;(14, 8);False;1;2859
;(5, 10);MoveEast;(14, 8);False;1;2860
;(5, 10);MoveEast;(14, 8);False;1;2861
;(5, 10);MoveEast;(14, 8);False;1;2862
;(5, 10);MoveEast;(14, 8);False;1;2863
;(5, 10);MoveEast;(14, 8);False;1;2864
MoveWest;(4, 10);MoveEast;(14, 8);False;1;2865
;(4, 10);MoveEast;(15, 8);False;1;2866
;(4, 10);MoveWest;(15, 8);False;1;2867
;(4, 10);MoveWest;(15, 8);False;1;2868
MoveNorth;(4, 9);MoveWest;(15, 8);False;1;2869
;(4, 9);MoveWest;(15, 8);False;1;2870
;(4, 9);MoveWest;(15, 8);False;1;2871
;(4, 9);MoveWest;(15, 8);False;1;2872
;(4, 9);MoveWest;(15, 8);False;1;2873
;(4, 9);MoveWest;(15, 8);False;1;2874
;(4, 9);MoveWest;(15, 8);False;1;2875
;(4, 9);MoveWest;(15, 8);False;1;2876
;(4, 9);MoveWest;(14, 8);False;1;2877
;(4, 9);MoveWest;(14, 8);False;1;2878
;(4, 9);MoveWest;(14, 8);False;1;2879
GrabObject;(4, 9);MoveWest;(14, 8);False;1;2880
;(4, 9);MoveWest;(14, 8);False;1;2881
;(4, 9);MoveWest;(14, 8);False;1;2882
;(4, 9);MoveWest;(14, 8);False;1;2883
;(4, 9);MoveWest;(14, 8);False;1;2884
;(4, 9);MoveWest;(14, 8);False;1;2885
;(4, 9);MoveWest;(14, 8);False;1;2886
MoveEast;(5, 9);MoveWest;(14, 8);False;1;2887
;(5, 9);MoveWest;(13, 8);False;1;2888
;(5, 9);;(13, 8);False;1;2889
;(5, 9);MoveWest;(13, 8);False;1;2890
;(5, 9);MoveWest;(13, 8);False;1;2891
MoveEast;(6, 9);MoveWest;(13, 8);False;1;2892
;(6, 9);MoveWest;(13, 8);False;1;2893
;(6, 9);MoveWest;(13, 8);False;1;2894
;(6, 9);MoveWest;(13, 8);False;1;2895
;(6, 9);MoveWest;(13, 8);False;1;2896
MoveWest;(5, 9);MoveWest;(13, 8);False;1;2897
;(5, 9);MoveWest;(13, 8);False;1;2898
;(5, 9);MoveWest;(13, 8);False;1;2899
;(5, 9);MoveWest;(12, 8);False;1;2900
;(5, 9);MoveWest;(12, 8);False;1;2901
;(5, 9);MoveWest;(12, 8);False;1;2902
MoveWest;(4, 9);MoveWest;(12, 8);False;1;2903
;(4, 9);MoveWest;(12, 8);False;1;2904
;(4, 9);MoveWest;(12, 8);False;1;2905
;(4, 9);MoveWest;(12, 8);False;1;2906
;(4, 9);MoveWest;(12, 8);False;1;2907
;(4, 9);MoveWest;(12, 8);False;1;2908
;(4, 9);MoveWest;(12, 8);False;1;2909
DropObject;(4, 9);MoveWest;(12, 8);False;1;2910
;(4, 9);MoveWest;(11, 8);False;1;2911
;(4, 9);MoveWest;(11, 8);False;1;2912
;(4, 9);MoveWest;(11, 8);False;1;2913
MoveEast;(5, 9);MoveWest;(11, 8);False;1;2914
;(5, 9);MoveWest;(11, 8);False;1;2915
;(5, 9);MoveWest;(11, 8);False;1;2916
;(5, 9);MoveWest;(11, 8);False;1;2917
MoveEast;(6, 9);MoveWest;(11, 8);False;1;2918
;(6, 9);MoveWest;(11, 8);False;1;2919
;(6, 9);MoveWest;(11, 8);False;1;2920
;(6, 9);MoveWest;(11, 8);False;1;2921
MoveEast;(7, 9);MoveWest;(10, 8);False;1;2922
;(7, 9);MoveWest;(10, 8);False;1;2923
;(7, 9);MoveWest;(10, 8);False;1;2924
;(7, 9);MoveWest;(10, 8);False;1;2925
;(7, 9);MoveWest;(10, 8);False;1;2926
;(7, 9);MoveWest;(10, 8);False;1;2927
;(7, 9);MoveWest;(10, 8);False;1;2928
;(7, 9);MoveWest;(10, 8);False;1;2929
GrabObject;(7, 9);MoveWest;(10, 8);False;1;2930
;(7, 9);MoveWest;(10, 8);False;1;2931
;(7, 9);MoveWest;(10, 8);False;1;2932
MoveWest;(6, 9);MoveWest;(9, 8);False;1;2933
;(6, 9);MoveWest;(9, 8);False;1;2934
;(6, 9);MoveWest;(9, 8);False;1;2935
;(6, 9);MoveWest;(9, 8);False;1;2936
MoveWest;(5, 9);MoveWest;(9, 8);False;1;2937
;(5, 9);MoveWest;(9, 8);False;1;2938
;(5, 9);MoveWest;(9, 8);False;1;2939
MoveWest;(4, 9);MoveWest;(9, 8);False;1;2940
;(4, 9);MoveWest;(9, 8);False;1;2941
;(4, 9);MoveWest;(9, 8);False;1;2942
MoveWest;(3, 9);MoveWest;(9, 8);False;1;2943
;(3, 9);MoveWest;(8, 8);False;1;2944
;(3, 9);MoveWest;(8, 8);False;1;2945
;(3, 9);MoveWest;(8, 8);False;1;2946
MoveWest;(2, 9);MoveWest;(8, 8);False;1;2947
;(2, 9);MoveWest;(8, 8);False;1;2948
;(2, 9);MoveWest;(8, 8);False;1;2949
MoveWest;(1, 9);MoveWest;(8, 8);False;1;2950
;(1, 9);MoveWest;(8, 8);False;1;2951
;(1, 9);MoveWest;(8, 8);False;1;2952
MoveWest;(0, 9);MoveWest;(8, 8);False;1;2953
;(0, 9);MoveWest;(8, 8);False;1;2954
;(0, 9);MoveWest;(7, 8);False;1;2955
;(0, 9);MoveWest;(7, 8);False;1;2956
;(0, 9);MoveWest;(7, 8);False;1;2957
;(0, 9);MoveWest;(7, 8);False;1;2958
DropObject;(0, 9);MoveWest;(7, 8);False;1;2959
;(0, 9);MoveWest;(7, 8);False;1;2960
MoveEast;(1, 9);MoveWest;(7, 8);False;1;2961
;(1, 9);MoveWest;(7, 8);False;1;2962
;(1, 9);MoveWest;(7, 8);False;1;2963
;(1, 9);MoveWest;(7, 8);False;1;2964
;(1, 9);MoveWest;(7, 8);False;1;2965
MoveEast;(2, 9);MoveWest;(6, 8);False;1;2966
;(2, 9);MoveSouthWest;(6, 8);False;1;2967
;(2, 9);MoveSouthWest;(6, 8);False;1;2968
MoveEast;(3, 9);MoveSouthWest;(6, 8);False;1;2969
;(3, 9);MoveSouthWest;(6, 8);False;1;2970
;(3, 9);MoveSouthWest;(6, 8);False;1;2971
;(3, 9);MoveSouthWest;(6, 8);False;1;2972
MoveEast;(4, 9);MoveSouthWest;(6, 8);False;1;2973
;(4, 9);MoveSouthWest;(6, 8);False;1;2974
MoveEast;(5, 9);MoveSouthWest;(6, 8);False;1;2975
;(5, 9);MoveSouthWest;(6, 8);False;1;2976
;(5, 9);MoveSouthWest;(5, 9);False;1;2977
;(5, 9);Idle;(5, 9);False;1;2978
MoveEast;(6, 9);Idle;(5, 9);False;1;2979
;(6, 9);Idle;(5, 9);False;1;2980
;(6, 9);Idle;(5, 9);False;1;2981
MoveEast;(7, 9);Idle;(5, 9);False;1;2982
;(7, 9);Idle;(5, 9);False;1;2983
;(7, 9);Idle;(5, 9);False;1;2984
;(7, 9);Idle;(5, 9);False;1;2985
;(7, 9);Idle;(5, 9);False;1;2986
;(7, 9);Idle;(5, 9);False;1;2987
;(7, 9);Idle;(5, 9);False;1;2988
;(7, 9);Idle;(5, 9);False;1;2989
MoveSouth;(7, 10);Idle;(5, 9);False;1;2990
;(7, 10);Idle;(5, 9);False;1;2991
;(7, 10);Idle;(5, 9);False;1;2992
;(7, 10);Idle;(5, 9);False;1;2993
;(7, 10);Idle;(5, 9);False;1;2994
;(7, 10);Idle;(5, 9);False;1;2995
;(7, 10);Idle;(5, 9);False;1;2996
;(7, 10);Idle;(5, 9);False;1;2997
;(7, 10);Idle;(5, 9);False;1;2998
GrabObject;(7, 10);Idle;(5, 9);False;1;2999
;(7, 10);;(5, 9);False;1;3000
;(7, 10);;(5, 9);False;1;3001
;(7, 10);;(5, 9);False;1;3002
MoveWest;(6, 10);;(5, 9);False;1;3003
;(6, 10);;(5, 9);False;1;3004
;(6, 10);;(5, 9);False;1;3005
;(6, 10);;(5, 9);False;1;3006
MoveWest;(5, 10);;(5, 9);False;1;3007
;(5, 10);;(5, 9);False;1;3008
;(5, 10);;(5, 9);False;1;3009
;(5, 10);;(5, 9);False;1;3010
;(5, 10);;(5, 9);False;1;3011
MoveWest;(4, 10);;(5, 9);False;1;3012
;(4, 10);;(5, 9);False;1;3013
;(4, 10);;(5, 9);False;1;3014
;(4, 10);;(5, 9);False;1;3015
;(4, 10);;(5, 9);False;1;3016
;(4, 10);;(5, 9);False;1;3017
;(4, 10);;(5, 9);False;1;3018
;(4, 10);;(5, 9);False;1;3019
