human_selector_action;human_selector_location;world_nr;tick_nr
;(3, 4);1;0
DropObject;(3, 4);1;1
;(3, 4);1;2
;(3, 4);1;3
;(3, 4);1;4
;(3, 4);1;5
;(3, 4);1;6
;(3, 4);1;7
;(3, 4);1;8
;(3, 4);1;9
;(3, 4);1;10
;(3, 4);1;11
;(3, 4);1;12
;(3, 4);1;13
;(3, 4);1;14
;(3, 4);1;15
;(3, 4);1;16
;(3, 4);1;17
;(3, 4);1;18
;(3, 4);1;19
;(3, 4);1;20
;(3, 4);1;21
;(3, 4);1;22
;(3, 4);1;23
;(3, 4);1;24
;(3, 4);1;25
;(3, 4);1;26
;(3, 4);1;27
;(3, 4);1;28
;(3, 4);1;29
;(3, 4);1;30
;(3, 4);1;31
;(3, 4);1;32
;(3, 4);1;33
;(3, 4);1;34
;(3, 4);1;35
;(3, 4);1;36
;(3, 4);1;37
;(3, 4);1;38
;(3, 4);1;39
;(3, 4);1;40
;(3, 4);1;41
;(3, 4);1;42
;(3, 4);1;43
;(3, 4);1;44
;(3, 4);1;45
;(3, 4);1;46
;(3, 4);1;47
;(3, 4);1;48
;(3, 4);1;49
;(3, 4);1;50
;(3, 4);1;51
;(3, 4);1;52
;(3, 4);1;53
;(3, 4);1;54
;(3, 4);1;55
;(3, 4);1;56
;(3, 4);1;57
;(3, 4);1;58
;(3, 4);1;59
MoveEast;(4, 4);1;60
;(4, 4);1;61
;(4, 4);1;62
;(4, 4);1;63
;(4, 4);1;64
;(4, 4);1;65
;(4, 4);1;66
;(4, 4);1;67
;(4, 4);1;68
;(4, 4);1;69
;(4, 4);1;70
;(4, 4);1;71
;(4, 4);1;72
;(4, 4);1;73
MoveEast;(5, 4);1;74
;(5, 4);1;75
;(5, 4);1;76
;(5, 4);1;77
;(5, 4);1;78
;(5, 4);1;79
;(5, 4);1;80
;(5, 4);1;81
;(5, 4);1;82
;(5, 4);1;83
MoveEast;(6, 4);1;84
MoveEast;(7, 4);1;85
MoveEast;(8, 4);1;86
MoveEast;(9, 4);1;87
MoveEast;(10, 4);1;88
MoveEast;(11, 4);1;89
MoveEast;(12, 4);1;90
MoveEast;(13, 4);1;91
;(13, 4);1;92
;(13, 4);1;93
;(13, 4);1;94
;(13, 4);1;95
;(13, 4);1;96
;(13, 4);1;97
;(13, 4);1;98
;(13, 4);1;99
;(13, 4);1;100
;(13, 4);1;101
;(13, 4);1;102
MoveWest;(12, 4);1;103
;(12, 4);1;104
;(12, 4);1;105
;(12, 4);1;106
;(12, 4);1;107
;(12, 4);1;108
MoveWest;(11, 4);1;109
;(11, 4);1;110
;(11, 4);1;111
;(11, 4);1;112
;(11, 4);1;113
MoveWest;(10, 4);1;114
;(10, 4);1;115
;(10, 4);1;116
;(10, 4);1;117
;(10, 4);1;118
;(10, 4);1;119
;(10, 4);1;120
;(10, 4);1;121
;(10, 4);1;122
;(10, 4);1;123
;(10, 4);1;124
;(10, 4);1;125
;(10, 4);1;126
;(10, 4);1;127
;(10, 4);1;128
;(10, 4);1;129
;(10, 4);1;130
;(10, 4);1;131
;(10, 4);1;132
GrabObject;(10, 4);1;133
;(10, 4);1;134
;(10, 4);1;135
;(10, 4);1;136
;(10, 4);1;137
;(10, 4);1;138
;(10, 4);1;139
;(10, 4);1;140
;(10, 4);1;141
;(10, 4);1;142
;(10, 4);1;143
;(10, 4);1;144
;(10, 4);1;145
;(10, 4);1;146
;(10, 4);1;147
;(10, 4);1;148
;(10, 4);1;149
;(10, 4);1;150
MoveEast;(11, 4);1;151
;(11, 4);1;152
;(11, 4);1;153
;(11, 4);1;154
;(11, 4);1;155
;(11, 4);1;156
;(11, 4);1;157
;(11, 4);1;158
;(11, 4);1;159
;(11, 4);1;160
;(11, 4);1;161
MoveEast;(12, 4);1;162
MoveEast;(13, 4);1;163
MoveEast;(14, 4);1;164
MoveEast;(15, 4);1;165
;(15, 4);1;166
;(15, 4);1;167
;(15, 4);1;168
;(15, 4);1;169
;(15, 4);1;170
;(15, 4);1;171
;(15, 4);1;172
;(15, 4);1;173
MoveEast;(16, 4);1;174
;(16, 4);1;175
;(16, 4);1;176
;(16, 4);1;177
;(16, 4);1;178
;(16, 4);1;179
;(16, 4);1;180
;(16, 4);1;181
;(16, 4);1;182
;(16, 4);1;183
;(16, 4);1;184
;(16, 4);1;185
;(16, 4);1;186
DropObject;(16, 4);1;187
;(16, 4);1;188
;(16, 4);1;189
;(16, 4);1;190
;(16, 4);1;191
;(16, 4);1;192
;(16, 4);1;193
;(16, 4);1;194
;(16, 4);1;195
;(16, 4);1;196
;(16, 4);1;197
;(16, 4);1;198
;(16, 4);1;199
;(16, 4);1;200
;(16, 4);1;201
;(16, 4);1;202
;(16, 4);1;203
;(16, 4);1;204
MoveWest;(15, 4);1;205
;(15, 4);1;206
;(15, 4);1;207
;(15, 4);1;208
;(15, 4);1;209
;(15, 4);1;210
;(15, 4);1;211
;(15, 4);1;212
;(15, 4);1;213
;(15, 4);1;214
MoveWest;(14, 4);1;215
MoveWest;(13, 4);1;216
MoveWest;(12, 4);1;217
MoveWest;(11, 4);1;218
MoveWest;(10, 4);1;219
MoveWest;(9, 4);1;220
MoveWest;(8, 4);1;221
;(8, 4);1;222
;(8, 4);1;223
;(8, 4);1;224
;(8, 4);1;225
;(8, 4);1;226
;(8, 4);1;227
;(8, 4);1;228
;(8, 4);1;229
;(8, 4);1;230
;(8, 4);1;231
;(8, 4);1;232
;(8, 4);1;233
MoveEast;(9, 4);1;234
;(9, 4);1;235
;(9, 4);1;236
;(9, 4);1;237
;(9, 4);1;238
;(9, 4);1;239
;(9, 4);1;240
;(9, 4);1;241
;(9, 4);1;242
;(9, 4);1;243
;(9, 4);1;244
;(9, 4);1;245
;(9, 4);1;246
GrabObject;(9, 4);1;247
;(9, 4);1;248
;(9, 4);1;249
;(9, 4);1;250
;(9, 4);1;251
;(9, 4);1;252
;(9, 4);1;253
;(9, 4);1;254
;(9, 4);1;255
;(9, 4);1;256
;(9, 4);1;257
;(9, 4);1;258
;(9, 4);1;259
;(9, 4);1;260
;(9, 4);1;261
MoveWest;(8, 4);1;262
;(8, 4);1;263
;(8, 4);1;264
;(8, 4);1;265
;(8, 4);1;266
;(8, 4);1;267
;(8, 4);1;268
;(8, 4);1;269
;(8, 4);1;270
;(8, 4);1;271
MoveWest;(7, 4);1;272
MoveWest;(6, 4);1;273
MoveWest;(5, 4);1;274
MoveWest;(4, 4);1;275
;(4, 4);1;276
;(4, 4);1;277
;(4, 4);1;278
;(4, 4);1;279
DropObject;(4, 4);1;280
;(4, 4);1;281
;(4, 4);1;282
;(4, 4);1;283
;(4, 4);1;284
;(4, 4);1;285
;(4, 4);1;286
;(4, 4);1;287
MoveEast;(5, 4);1;288
;(5, 4);1;289
;(5, 4);1;290
;(5, 4);1;291
;(5, 4);1;292
;(5, 4);1;293
;(5, 4);1;294
;(5, 4);1;295
;(5, 4);1;296
;(5, 4);1;297
MoveEast;(6, 4);1;298
MoveEast;(7, 4);1;299
MoveEast;(8, 4);1;300
MoveEast;(9, 4);1;301
;(9, 4);1;302
;(9, 4);1;303
;(9, 4);1;304
;(9, 4);1;305
;(9, 4);1;306
;(9, 4);1;307
;(9, 4);1;308
;(9, 4);1;309
;(9, 4);1;310
;(9, 4);1;311
;(9, 4);1;312
MoveSouth;(9, 5);1;313
;(9, 5);1;314
;(9, 5);1;315
;(9, 5);1;316
;(9, 5);1;317
;(9, 5);1;318
;(9, 5);1;319
;(9, 5);1;320
;(9, 5);1;321
;(9, 5);1;322
MoveSouth;(9, 6);1;323
MoveSouth;(9, 7);1;324
;(9, 7);1;325
;(9, 7);1;326
;(9, 7);1;327
;(9, 7);1;328
;(9, 7);1;329
;(9, 7);1;330
MoveSouth;(9, 8);1;331
;(9, 8);1;332
;(9, 8);1;333
;(9, 8);1;334
;(9, 8);1;335
;(9, 8);1;336
MoveSouth;(9, 9);1;337
;(9, 9);1;338
;(9, 9);1;339
;(9, 9);1;340
;(9, 9);1;341
;(9, 9);1;342
;(9, 9);1;343
;(9, 9);1;344
;(9, 9);1;345
;(9, 9);1;346
GrabObject;(9, 9);1;347
;(9, 9);1;348
;(9, 9);1;349
;(9, 9);1;350
;(9, 9);1;351
;(9, 9);1;352
;(9, 9);1;353
;(9, 9);1;354
;(9, 9);1;355
;(9, 9);1;356
;(9, 9);1;357
;(9, 9);1;358
;(9, 9);1;359
;(9, 9);1;360
;(9, 9);1;361
;(9, 9);1;362
;(9, 9);1;363
MoveWest;(8, 9);1;364
;(8, 9);1;365
;(8, 9);1;366
;(8, 9);1;367
;(8, 9);1;368
;(8, 9);1;369
;(8, 9);1;370
;(8, 9);1;371
;(8, 9);1;372
;(8, 9);1;373
MoveWest;(7, 9);1;374
MoveWest;(6, 9);1;375
MoveWest;(5, 9);1;376
MoveWest;(4, 9);1;377
MoveWest;(3, 9);1;378
MoveWest;(2, 9);1;379
;(2, 9);1;380
;(2, 9);1;381
DropObject;(2, 9);1;382
;(2, 9);1;383
;(2, 9);1;384
;(2, 9);1;385
;(2, 9);1;386
;(2, 9);1;387
;(2, 9);1;388
;(2, 9);1;389
;(2, 9);1;390
MoveEast;(3, 9);1;391
;(3, 9);1;392
;(3, 9);1;393
;(3, 9);1;394
;(3, 9);1;395
;(3, 9);1;396
;(3, 9);1;397
;(3, 9);1;398
;(3, 9);1;399
;(3, 9);1;400
MoveEast;(4, 9);1;401
MoveEast;(5, 9);1;402
MoveEast;(6, 9);1;403
MoveEast;(7, 9);1;404
MoveEast;(8, 9);1;405
MoveEast;(9, 9);1;406
;(9, 9);1;407
;(9, 9);1;408
;(9, 9);1;409
MoveSouth;(9, 10);1;410
;(9, 10);1;411
;(9, 10);1;412
;(9, 10);1;413
;(9, 10);1;414
;(9, 10);1;415
;(9, 10);1;416
;(9, 10);1;417
GrabObject;(9, 10);1;418
;(9, 10);1;419
;(9, 10);1;420
;(9, 10);1;421
;(9, 10);1;422
;(9, 10);1;423
;(9, 10);1;424
;(9, 10);1;425
MoveWest;(8, 10);1;426
;(8, 10);1;427
;(8, 10);1;428
;(8, 10);1;429
;(8, 10);1;430
;(8, 10);1;431
;(8, 10);1;432
;(8, 10);1;433
;(8, 10);1;434
;(8, 10);1;435
;(8, 10);1;436
MoveWest;(7, 10);1;437
MoveWest;(6, 10);1;438
MoveWest;(5, 10);1;439
MoveWest;(4, 10);1;440
;(4, 10);1;441
;(4, 10);1;442
;(4, 10);1;443
;(4, 10);1;444
DropObject;(4, 10);1;445
;(4, 10);1;446
;(4, 10);1;447
;(4, 10);1;448
;(4, 10);1;449
;(4, 10);1;450
;(4, 10);1;451
;(4, 10);1;452
MoveEast;(5, 10);1;453
;(5, 10);1;454
;(5, 10);1;455
;(5, 10);1;456
;(5, 10);1;457
;(5, 10);1;458
;(5, 10);1;459
;(5, 10);1;460
;(5, 10);1;461
;(5, 10);1;462
;(5, 10);1;463
;(5, 10);1;464
MoveEast;(6, 10);1;465
;(6, 10);1;466
;(6, 10);1;467
;(6, 10);1;468
MoveEast;(7, 10);1;469
;(7, 10);1;470
;(7, 10);1;471
;(7, 10);1;472
;(7, 10);1;473
MoveEast;(8, 10);1;474
;(8, 10);1;475
;(8, 10);1;476
;(8, 10);1;477
;(8, 10);1;478
MoveEast;(9, 10);1;479
;(9, 10);1;480
;(9, 10);1;481
;(9, 10);1;482
GrabObject;(9, 10);1;483
;(9, 10);1;484
;(9, 10);1;485
;(9, 10);1;486
;(9, 10);1;487
;(9, 10);1;488
;(9, 10);1;489
;(9, 10);1;490
;(9, 10);1;491
;(9, 10);1;492
;(9, 10);1;493
;(9, 10);1;494
;(9, 10);1;495
;(9, 10);1;496
;(9, 10);1;497
;(9, 10);1;498
;(9, 10);1;499
;(9, 10);1;500
;(9, 10);1;501
;(9, 10);1;502
;(9, 10);1;503
;(9, 10);1;504
;(9, 10);1;505
;(9, 10);1;506
;(9, 10);1;507
;(9, 10);1;508
;(9, 10);1;509
;(9, 10);1;510
;(9, 10);1;511
;(9, 10);1;512
;(9, 10);1;513
;(9, 10);1;514
;(9, 10);1;515
;(9, 10);1;516
;(9, 10);1;517
;(9, 10);1;518
;(9, 10);1;519
;(9, 10);1;520
;(9, 10);1;521
MoveNorth;(9, 9);1;522
;(9, 9);1;523
;(9, 9);1;524
;(9, 9);1;525
;(9, 9);1;526
;(9, 9);1;527
;(9, 9);1;528
;(9, 9);1;529
;(9, 9);1;530
;(9, 9);1;531
;(9, 9);1;532
;(9, 9);1;533
;(9, 9);1;534
;(9, 9);1;535
;(9, 9);1;536
;(9, 9);1;537
MoveSouth;(9, 10);1;538
;(9, 10);1;539
;(9, 10);1;540
;(9, 10);1;541
;(9, 10);1;542
GrabObject;(9, 10);1;543
;(9, 10);1;544
;(9, 10);1;545
;(9, 10);1;546
;(9, 10);1;547
;(9, 10);1;548
;(9, 10);1;549
;(9, 10);1;550
;(9, 10);1;551
;(9, 10);1;552
;(9, 10);1;553
;(9, 10);1;554
;(9, 10);1;555
;(9, 10);1;556
;(9, 10);1;557
;(9, 10);1;558
GrabObject;(9, 10);1;559
;(9, 10);1;560
;(9, 10);1;561
;(9, 10);1;562
;(9, 10);1;563
;(9, 10);1;564
;(9, 10);1;565
;(9, 10);1;566
;(9, 10);1;567
MoveNorth;(9, 9);1;568
;(9, 9);1;569
;(9, 9);1;570
;(9, 9);1;571
;(9, 9);1;572
;(9, 9);1;573
;(9, 9);1;574
;(9, 9);1;575
;(9, 9);1;576
MoveNorth;(9, 8);1;577
;(9, 8);1;578
;(9, 8);1;579
;(9, 8);1;580
;(9, 8);1;581
MoveNorth;(9, 7);1;582
;(9, 7);1;583
;(9, 7);1;584
;(9, 7);1;585
;(9, 7);1;586
;(9, 7);1;587
;(9, 7);1;588
;(9, 7);1;589
;(9, 7);1;590
DropObject;(9, 7);1;591
;(9, 7);1;592
;(9, 7);1;593
;(9, 7);1;594
;(9, 7);1;595
;(9, 7);1;596
;(9, 7);1;597
;(9, 7);1;598
;(9, 7);1;599
;(9, 7);1;600
;(9, 7);1;601
GrabObject;(9, 7);1;602
;(9, 7);1;603
;(9, 7);1;604
;(9, 7);1;605
;(9, 7);1;606
;(9, 7);1;607
;(9, 7);1;608
;(9, 7);1;609
;(9, 7);1;610
;(9, 7);1;611
;(9, 7);1;612
;(9, 7);1;613
;(9, 7);1;614
;(9, 7);1;615
MoveWest;(8, 7);1;616
;(8, 7);1;617
;(8, 7);1;618
;(8, 7);1;619
;(8, 7);1;620
;(8, 7);1;621
;(8, 7);1;622
;(8, 7);1;623
;(8, 7);1;624
;(8, 7);1;625
MoveWest;(7, 7);1;626
MoveWest;(6, 7);1;627
MoveWest;(5, 7);1;628
MoveWest;(4, 7);1;629
;(4, 7);1;630
DropObject;(4, 7);1;631
;(4, 7);1;632
;(4, 7);1;633
;(4, 7);1;634
;(4, 7);1;635
;(4, 7);1;636
;(4, 7);1;637
MoveEast;(5, 7);1;638
;(5, 7);1;639
;(5, 7);1;640
;(5, 7);1;641
;(5, 7);1;642
;(5, 7);1;643
;(5, 7);1;644
;(5, 7);1;645
;(5, 7);1;646
;(5, 7);1;647
;(5, 7);1;648
;(5, 7);1;649
;(5, 7);1;650
MoveNorth;(5, 6);1;651
;(5, 6);1;652
;(5, 6);1;653
;(5, 6);1;654
;(5, 6);1;655
;(5, 6);1;656
;(5, 6);1;657
MoveEast;(6, 6);1;658
;(6, 6);1;659
;(6, 6);1;660
;(6, 6);1;661
;(6, 6);1;662
;(6, 6);1;663
;(6, 6);1;664
;(6, 6);1;665
;(6, 6);1;666
;(6, 6);1;667
MoveEast;(7, 6);1;668
MoveEast;(8, 6);1;669
MoveEast;(9, 6);1;670
;(9, 6);1;671
;(9, 6);1;672
;(9, 6);1;673
;(9, 6);1;674
;(9, 6);1;675
;(9, 6);1;676
;(9, 6);1;677
;(9, 6);1;678
;(9, 6);1;679
;(9, 6);1;680
;(9, 6);1;681
MoveWest;(8, 6);1;682
;(8, 6);1;683
;(8, 6);1;684
;(8, 6);1;685
;(8, 6);1;686
;(8, 6);1;687
;(8, 6);1;688
;(8, 6);1;689
DropObject;(8, 6);1;690
;(8, 6);1;691
;(8, 6);1;692
;(8, 6);1;693
;(8, 6);1;694
;(8, 6);1;695
;(8, 6);1;696
;(8, 6);1;697
;(8, 6);1;698
;(8, 6);1;699
;(8, 6);1;700
GrabObject;(8, 6);1;701
;(8, 6);1;702
;(8, 6);1;703
;(8, 6);1;704
;(8, 6);1;705
;(8, 6);1;706
;(8, 6);1;707
;(8, 6);1;708
MoveEast;(9, 6);1;709
;(9, 6);1;710
MoveWest;(8, 6);1;711
;(8, 6);1;712
;(8, 6);1;713
;(8, 6);1;714
;(8, 6);1;715
;(8, 6);1;716
;(8, 6);1;717
;(8, 6);1;718
;(8, 6);1;719
;(8, 6);1;720
MoveWest;(7, 6);1;721
MoveWest;(6, 6);1;722
MoveWest;(5, 6);1;723
MoveWest;(4, 6);1;724
;(4, 6);1;725
;(4, 6);1;726
;(4, 6);1;727
;(4, 6);1;728
DropObject;(4, 6);1;729
;(4, 6);1;730
;(4, 6);1;731
;(4, 6);1;732
;(4, 6);1;733
;(4, 6);1;734
;(4, 6);1;735
;(4, 6);1;736
MoveEast;(5, 6);1;737
;(5, 6);1;738
;(5, 6);1;739
;(5, 6);1;740
;(5, 6);1;741
;(5, 6);1;742
;(5, 6);1;743
;(5, 6);1;744
;(5, 6);1;745
;(5, 6);1;746
MoveEast;(6, 6);1;747
MoveEast;(7, 6);1;748
MoveEast;(8, 6);1;749
MoveEast;(9, 6);1;750
MoveEast;(10, 6);1;751
;(10, 6);1;752
;(10, 6);1;753
;(10, 6);1;754
;(10, 6);1;755
;(10, 6);1;756
;(10, 6);1;757
;(10, 6);1;758
;(10, 6);1;759
;(10, 6);1;760
;(10, 6);1;761
;(10, 6);1;762
;(10, 6);1;763
;(10, 6);1;764
GrabObject;(10, 6);1;765
;(10, 6);1;766
;(10, 6);1;767
;(10, 6);1;768
;(10, 6);1;769
;(10, 6);1;770
;(10, 6);1;771
;(10, 6);1;772
;(10, 6);1;773
MoveWest;(9, 6);1;774
;(9, 6);1;775
;(9, 6);1;776
;(9, 6);1;777
;(9, 6);1;778
;(9, 6);1;779
;(9, 6);1;780
;(9, 6);1;781
;(9, 6);1;782
;(9, 6);1;783
MoveWest;(8, 6);1;784
MoveWest;(7, 6);1;785
MoveWest;(6, 6);1;786
MoveWest;(5, 6);1;787
MoveWest;(4, 6);1;788
MoveWest;(3, 6);1;789
;(3, 6);1;790
;(3, 6);1;791
DropObject;(3, 6);1;792
;(3, 6);1;793
;(3, 6);1;794
;(3, 6);1;795
;(3, 6);1;796
;(3, 6);1;797
MoveEast;(4, 6);1;798
;(4, 6);1;799
;(4, 6);1;800
;(4, 6);1;801
;(4, 6);1;802
;(4, 6);1;803
;(4, 6);1;804
;(4, 6);1;805
;(4, 6);1;806
;(4, 6);1;807
MoveEast;(5, 6);1;808
MoveEast;(6, 6);1;809
MoveEast;(7, 6);1;810
MoveEast;(8, 6);1;811
;(8, 6);1;812
;(8, 6);1;813
;(8, 6);1;814
;(8, 6);1;815
;(8, 6);1;816
;(8, 6);1;817
;(8, 6);1;818
;(8, 6);1;819
;(8, 6);1;820
MoveEast;(9, 6);1;821
;(9, 6);1;822
;(9, 6);1;823
;(9, 6);1;824
;(9, 6);1;825
;(9, 6);1;826
;(9, 6);1;827
;(9, 6);1;828
GrabObject;(9, 6);1;829
;(9, 6);1;830
;(9, 6);1;831
;(9, 6);1;832
;(9, 6);1;833
;(9, 6);1;834
;(9, 6);1;835
;(9, 6);1;836
MoveWest;(8, 6);1;837
;(8, 6);1;838
;(8, 6);1;839
;(8, 6);1;840
;(8, 6);1;841
;(8, 6);1;842
;(8, 6);1;843
;(8, 6);1;844
;(8, 6);1;845
;(8, 6);1;846
MoveEast;(9, 6);1;847
;(9, 6);1;848
;(9, 6);1;849
;(9, 6);1;850
;(9, 6);1;851
;(9, 6);1;852
;(9, 6);1;853
;(9, 6);1;854
MoveEast;(10, 6);1;855
;(10, 6);1;856
;(10, 6);1;857
;(10, 6);1;858
;(10, 6);1;859
;(10, 6);1;860
;(10, 6);1;861
;(10, 6);1;862
;(10, 6);1;863
;(10, 6);1;864
GrabObject;(10, 6);1;865
;(10, 6);1;866
;(10, 6);1;867
;(10, 6);1;868
;(10, 6);1;869
;(10, 6);1;870
;(10, 6);1;871
;(10, 6);1;872
;(10, 6);1;873
;(10, 6);1;874
;(10, 6);1;875
;(10, 6);1;876
GrabObject;(10, 6);1;877
;(10, 6);1;878
;(10, 6);1;879
;(10, 6);1;880
;(10, 6);1;881
;(10, 6);1;882
;(10, 6);1;883
GrabObject;(10, 6);1;884
;(10, 6);1;885
;(10, 6);1;886
;(10, 6);1;887
;(10, 6);1;888
;(10, 6);1;889
;(10, 6);1;890
;(10, 6);1;891
;(10, 6);1;892
;(10, 6);1;893
;(10, 6);1;894
;(10, 6);1;895
;(10, 6);1;896
;(10, 6);1;897
;(10, 6);1;898
;(10, 6);1;899
MoveSouth;(10, 7);1;900
;(10, 7);1;901
;(10, 7);1;902
;(10, 7);1;903
;(10, 7);1;904
;(10, 7);1;905
;(10, 7);1;906
;(10, 7);1;907
;(10, 7);1;908
;(10, 7);1;909
;(10, 7);1;910
;(10, 7);1;911
;(10, 7);1;912
;(10, 7);1;913
GrabObject;(10, 7);1;914
;(10, 7);1;915
;(10, 7);1;916
;(10, 7);1;917
;(10, 7);1;918
;(10, 7);1;919
;(10, 7);1;920
;(10, 7);1;921
;(10, 7);1;922
;(10, 7);1;923
;(10, 7);1;924
;(10, 7);1;925
;(10, 7);1;926
;(10, 7);1;927
;(10, 7);1;928
;(10, 7);1;929
MoveEast;(11, 7);1;930
;(11, 7);1;931
;(11, 7);1;932
;(11, 7);1;933
;(11, 7);1;934
;(11, 7);1;935
;(11, 7);1;936
;(11, 7);1;937
;(11, 7);1;938
;(11, 7);1;939
;(11, 7);1;940
;(11, 7);1;941
MoveEast;(12, 7);1;942
GrabObject;(12, 7);1;943
;(12, 7);1;944
;(12, 7);1;945
;(12, 7);1;946
;(12, 7);1;947
;(12, 7);1;948
;(12, 7);1;949
;(12, 7);1;950
;(12, 7);1;951
;(12, 7);1;952
GrabObject;(12, 7);1;953
;(12, 7);1;954
;(12, 7);1;955
;(12, 7);1;956
;(12, 7);1;957
;(12, 7);1;958
;(12, 7);1;959
;(12, 7);1;960
;(12, 7);1;961
;(12, 7);1;962
;(12, 7);1;963
;(12, 7);1;964
;(12, 7);1;965
;(12, 7);1;966
;(12, 7);1;967
DropObject;(12, 7);1;968
;(12, 7);1;969
;(12, 7);1;970
;(12, 7);1;971
;(12, 7);1;972
MoveEast;(13, 7);1;973
;(13, 7);1;974
;(13, 7);1;975
;(13, 7);1;976
;(13, 7);1;977
;(13, 7);1;978
;(13, 7);1;979
;(13, 7);1;980
;(13, 7);1;981
;(13, 7);1;982
;(13, 7);1;983
;(13, 7);1;984
;(13, 7);1;985
MoveWest;(12, 7);1;986
;(12, 7);1;987
;(12, 7);1;988
;(12, 7);1;989
;(12, 7);1;990
;(12, 7);1;991
;(12, 7);1;992
;(12, 7);1;993
GrabObject;(12, 7);1;994
;(12, 7);1;995
;(12, 7);1;996
;(12, 7);1;997
;(12, 7);1;998
;(12, 7);1;999
;(12, 7);1;1000
;(12, 7);1;1001
;(12, 7);1;1002
;(12, 7);1;1003
;(12, 7);1;1004
MoveEast;(13, 7);1;1005
;(13, 7);1;1006
;(13, 7);1;1007
;(13, 7);1;1008
;(13, 7);1;1009
;(13, 7);1;1010
;(13, 7);1;1011
;(13, 7);1;1012
;(13, 7);1;1013
MoveEast;(14, 7);1;1014
MoveEast;(15, 7);1;1015
MoveEast;(16, 7);1;1016
MoveEast;(17, 7);1;1017
;(17, 7);1;1018
;(17, 7);1;1019
DropObject;(17, 7);1;1020
;(17, 7);1;1021
;(17, 7);1;1022
;(17, 7);1;1023
;(17, 7);1;1024
;(17, 7);1;1025
;(17, 7);1;1026
MoveWest;(16, 7);1;1027
;(16, 7);1;1028
;(16, 7);1;1029
;(16, 7);1;1030
;(16, 7);1;1031
;(16, 7);1;1032
;(16, 7);1;1033
;(16, 7);1;1034
;(16, 7);1;1035
;(16, 7);1;1036
MoveWest;(15, 7);1;1037
MoveWest;(14, 7);1;1038
MoveWest;(13, 7);1;1039
;(13, 7);1;1040
;(13, 7);1;1041
;(13, 7);1;1042
;(13, 7);1;1043
;(13, 7);1;1044
;(13, 7);1;1045
;(13, 7);1;1046
;(13, 7);1;1047
;(13, 7);1;1048
;(13, 7);1;1049
;(13, 7);1;1050
;(13, 7);1;1051
;(13, 7);1;1052
;(13, 7);1;1053
;(13, 7);1;1054
;(13, 7);1;1055
;(13, 7);1;1056
;(13, 7);1;1057
;(13, 7);1;1058
;(13, 7);1;1059
;(13, 7);1;1060
;(13, 7);1;1061
;(13, 7);1;1062
;(13, 7);1;1063
;(13, 7);1;1064
;(13, 7);1;1065
;(13, 7);1;1066
;(13, 7);1;1067
;(13, 7);1;1068
;(13, 7);1;1069
;(13, 7);1;1070
;(13, 7);1;1071
;(13, 7);1;1072
;(13, 7);1;1073
;(13, 7);1;1074
;(13, 7);1;1075
;(13, 7);1;1076
;(13, 7);1;1077
;(13, 7);1;1078
;(13, 7);1;1079
;(13, 7);1;1080
;(13, 7);1;1081
;(13, 7);1;1082
;(13, 7);1;1083
;(13, 7);1;1084
;(13, 7);1;1085
;(13, 7);1;1086
;(13, 7);1;1087
;(13, 7);1;1088
;(13, 7);1;1089
;(13, 7);1;1090
;(13, 7);1;1091
;(13, 7);1;1092
;(13, 7);1;1093
;(13, 7);1;1094
;(13, 7);1;1095
;(13, 7);1;1096
;(13, 7);1;1097
;(13, 7);1;1098
;(13, 7);1;1099
;(13, 7);1;1100
;(13, 7);1;1101
;(13, 7);1;1102
;(13, 7);1;1103
;(13, 7);1;1104
;(13, 7);1;1105
;(13, 7);1;1106
;(13, 7);1;1107
;(13, 7);1;1108
;(13, 7);1;1109
;(13, 7);1;1110
;(13, 7);1;1111
;(13, 7);1;1112
;(13, 7);1;1113
;(13, 7);1;1114
;(13, 7);1;1115
;(13, 7);1;1116
;(13, 7);1;1117
;(13, 7);1;1118
;(13, 7);1;1119
;(13, 7);1;1120
;(13, 7);1;1121
;(13, 7);1;1122
;(13, 7);1;1123
;(13, 7);1;1124
;(13, 7);1;1125
;(13, 7);1;1126
;(13, 7);1;1127
;(13, 7);1;1128
;(13, 7);1;1129
;(13, 7);1;1130
;(13, 7);1;1131
;(13, 7);1;1132
;(13, 7);1;1133
;(13, 7);1;1134
;(13, 7);1;1135
;(13, 7);1;1136
;(13, 7);1;1137
;(13, 7);1;1138
;(13, 7);1;1139
;(13, 7);1;1140
;(13, 7);1;1141
;(13, 7);1;1142
;(13, 7);1;1143
;(13, 7);1;1144
;(13, 7);1;1145
;(13, 7);1;1146
;(13, 7);1;1147
;(13, 7);1;1148
;(13, 7);1;1149
;(13, 7);1;1150
;(13, 7);1;1151
;(13, 7);1;1152
;(13, 7);1;1153
;(13, 7);1;1154
;(13, 7);1;1155
;(13, 7);1;1156
;(13, 7);1;1157
;(13, 7);1;1158
;(13, 7);1;1159
;(13, 7);1;1160
;(13, 7);1;1161
;(13, 7);1;1162
;(13, 7);1;1163
;(13, 7);1;1164
;(13, 7);1;1165
;(13, 7);1;1166
;(13, 7);1;1167
;(13, 7);1;1168
;(13, 7);1;1169
;(13, 7);1;1170
;(13, 7);1;1171
;(13, 7);1;1172
;(13, 7);1;1173
;(13, 7);1;1174
;(13, 7);1;1175
;(13, 7);1;1176
;(13, 7);1;1177
;(13, 7);1;1178
;(13, 7);1;1179
;(13, 7);1;1180
;(13, 7);1;1181
;(13, 7);1;1182
;(13, 7);1;1183
;(13, 7);1;1184
;(13, 7);1;1185
;(13, 7);1;1186
;(13, 7);1;1187
;(13, 7);1;1188
;(13, 7);1;1189
;(13, 7);1;1190
;(13, 7);1;1191
;(13, 7);1;1192
;(13, 7);1;1193
;(13, 7);1;1194
;(13, 7);1;1195
;(13, 7);1;1196
;(13, 7);1;1197
;(13, 7);1;1198
;(13, 7);1;1199
;(13, 7);1;1200
;(13, 7);1;1201
;(13, 7);1;1202
;(13, 7);1;1203
;(13, 7);1;1204
;(13, 7);1;1205
;(13, 7);1;1206
;(13, 7);1;1207
;(13, 7);1;1208
;(13, 7);1;1209
;(13, 7);1;1210
;(13, 7);1;1211
;(13, 7);1;1212
;(13, 7);1;1213
;(13, 7);1;1214
;(13, 7);1;1215
;(13, 7);1;1216
;(13, 7);1;1217
;(13, 7);1;1218
;(13, 7);1;1219
;(13, 7);1;1220
;(13, 7);1;1221
;(13, 7);1;1222
MoveWest;(12, 7);1;1223
;(12, 7);1;1224
;(12, 7);1;1225
;(12, 7);1;1226
;(12, 7);1;1227
;(12, 7);1;1228
;(12, 7);1;1229
;(12, 7);1;1230
;(12, 7);1;1231
;(12, 7);1;1232
;(12, 7);1;1233
;(12, 7);1;1234
MoveSouth;(12, 8);1;1235
;(12, 8);1;1236
;(12, 8);1;1237
;(12, 8);1;1238
;(12, 8);1;1239
;(12, 8);1;1240
;(12, 8);1;1241
;(12, 8);1;1242
;(12, 8);1;1243
;(12, 8);1;1244
MoveSouth;(12, 9);1;1245
;(12, 9);1;1246
;(12, 9);1;1247
;(12, 9);1;1248
;(12, 9);1;1249
;(12, 9);1;1250
;(12, 9);1;1251
MoveEast;(13, 9);1;1252
;(13, 9);1;1253
;(13, 9);1;1254
;(13, 9);1;1255
;(13, 9);1;1256
;(13, 9);1;1257
;(13, 9);1;1258
;(13, 9);1;1259
;(13, 9);1;1260
;(13, 9);1;1261
;(13, 9);1;1262
;(13, 9);1;1263
;(13, 9);1;1264
;(13, 9);1;1265
;(13, 9);1;1266
;(13, 9);1;1267
MoveWest;(12, 9);1;1268
;(12, 9);1;1269
;(12, 9);1;1270
;(12, 9);1;1271
;(12, 9);1;1272
;(12, 9);1;1273
;(12, 9);1;1274
;(12, 9);1;1275
;(12, 9);1;1276
;(12, 9);1;1277
MoveNorth;(12, 8);1;1278
;(12, 8);1;1279
;(12, 8);1;1280
;(12, 8);1;1281
;(12, 8);1;1282
;(12, 8);1;1283
;(12, 8);1;1284
;(12, 8);1;1285
;(12, 8);1;1286
;(12, 8);1;1287
;(12, 8);1;1288
;(12, 8);1;1289
;(12, 8);1;1290
;(12, 8);1;1291
;(12, 8);1;1292
;(12, 8);1;1293
GrabObject;(12, 8);1;1294
;(12, 8);1;1295
;(12, 8);1;1296
;(12, 8);1;1297
;(12, 8);1;1298
;(12, 8);1;1299
;(12, 8);1;1300
;(12, 8);1;1301
;(12, 8);1;1302
;(12, 8);1;1303
;(12, 8);1;1304
;(12, 8);1;1305
;(12, 8);1;1306
;(12, 8);1;1307
;(12, 8);1;1308
;(12, 8);1;1309
;(12, 8);1;1310
;(12, 8);1;1311
;(12, 8);1;1312
MoveEast;(13, 8);1;1313
;(13, 8);1;1314
;(13, 8);1;1315
;(13, 8);1;1316
;(13, 8);1;1317
;(13, 8);1;1318
;(13, 8);1;1319
;(13, 8);1;1320
;(13, 8);1;1321
;(13, 8);1;1322
;(13, 8);1;1323
MoveEast;(14, 8);1;1324
MoveEast;(15, 8);1;1325
;(15, 8);1;1326
;(15, 8);1;1327
DropObject;(15, 8);1;1328
;(15, 8);1;1329
;(15, 8);1;1330
;(15, 8);1;1331
;(15, 8);1;1332
;(15, 8);1;1333
MoveWest;(14, 8);1;1334
;(14, 8);1;1335
;(14, 8);1;1336
;(14, 8);1;1337
;(14, 8);1;1338
;(14, 8);1;1339
;(14, 8);1;1340
;(14, 8);1;1341
;(14, 8);1;1342
;(14, 8);1;1343
;(14, 8);1;1344
;(14, 8);1;1345
;(14, 8);1;1346
;(14, 8);1;1347
;(14, 8);1;1348
;(14, 8);1;1349
;(14, 8);1;1350
;(14, 8);1;1351
;(14, 8);1;1352
;(14, 8);1;1353
;(14, 8);1;1354
;(14, 8);1;1355
;(14, 8);1;1356
;(14, 8);1;1357
;(14, 8);1;1358
;(14, 8);1;1359
;(14, 8);1;1360
;(14, 8);1;1361
;(14, 8);1;1362
;(14, 8);1;1363
;(14, 8);1;1364
;(14, 8);1;1365
;(14, 8);1;1366
;(14, 8);1;1367
;(14, 8);1;1368
;(14, 8);1;1369
;(14, 8);1;1370
;(14, 8);1;1371
;(14, 8);1;1372
;(14, 8);1;1373
;(14, 8);1;1374
;(14, 8);1;1375
;(14, 8);1;1376
;(14, 8);1;1377
;(14, 8);1;1378
;(14, 8);1;1379
;(14, 8);1;1380
;(14, 8);1;1381
;(14, 8);1;1382
;(14, 8);1;1383
;(14, 8);1;1384
;(14, 8);1;1385
;(14, 8);1;1386
;(14, 8);1;1387
;(14, 8);1;1388
;(14, 8);1;1389
;(14, 8);1;1390
;(14, 8);1;1391
;(14, 8);1;1392
;(14, 8);1;1393
;(14, 8);1;1394
;(14, 8);1;1395
;(14, 8);1;1396
;(14, 8);1;1397
;(14, 8);1;1398
;(14, 8);1;1399
;(14, 8);1;1400
;(14, 8);1;1401
;(14, 8);1;1402
;(14, 8);1;1403
;(14, 8);1;1404
;(14, 8);1;1405
;(14, 8);1;1406
;(14, 8);1;1407
;(14, 8);1;1408
MoveWest;(13, 8);1;1409
;(13, 8);1;1410
;(13, 8);1;1411
;(13, 8);1;1412
;(13, 8);1;1413
;(13, 8);1;1414
;(13, 8);1;1415
;(13, 8);1;1416
;(13, 8);1;1417
;(13, 8);1;1418
;(13, 8);1;1419
;(13, 8);1;1420
GrabObject;(13, 8);1;1421
;(13, 8);1;1422
;(13, 8);1;1423
;(13, 8);1;1424
;(13, 8);1;1425
;(13, 8);1;1426
;(13, 8);1;1427
;(13, 8);1;1428
;(13, 8);1;1429
;(13, 8);1;1430
;(13, 8);1;1431
;(13, 8);1;1432
;(13, 8);1;1433
GrabObject;(13, 8);1;1434
;(13, 8);1;1435
;(13, 8);1;1436
;(13, 8);1;1437
;(13, 8);1;1438
;(13, 8);1;1439
;(13, 8);1;1440
;(13, 8);1;1441
;(13, 8);1;1442
;(13, 8);1;1443
DropObject;(13, 8);1;1444
;(13, 8);1;1445
;(13, 8);1;1446
;(13, 8);1;1447
;(13, 8);1;1448
;(13, 8);1;1449
;(13, 8);1;1450
;(13, 8);1;1451
;(13, 8);1;1452
;(13, 8);1;1453
;(13, 8);1;1454
;(13, 8);1;1455
GrabObject;(13, 8);1;1456
;(13, 8);1;1457
;(13, 8);1;1458
;(13, 8);1;1459
;(13, 8);1;1460
;(13, 8);1;1461
;(13, 8);1;1462
;(13, 8);1;1463
;(13, 8);1;1464
GrabObject;(13, 8);1;1465
;(13, 8);1;1466
;(13, 8);1;1467
;(13, 8);1;1468
;(13, 8);1;1469
;(13, 8);1;1470
;(13, 8);1;1471
GrabObject;(13, 8);1;1472
;(13, 8);1;1473
;(13, 8);1;1474
;(13, 8);1;1475
;(13, 8);1;1476
;(13, 8);1;1477
;(13, 8);1;1478
;(13, 8);1;1479
;(13, 8);1;1480
;(13, 8);1;1481
;(13, 8);1;1482
;(13, 8);1;1483
;(13, 8);1;1484
;(13, 8);1;1485
;(13, 8);1;1486
;(13, 8);1;1487
;(13, 8);1;1488
;(13, 8);1;1489
;(13, 8);1;1490
;(13, 8);1;1491
;(13, 8);1;1492
;(13, 8);1;1493
MoveWest;(12, 8);1;1494
;(12, 8);1;1495
;(12, 8);1;1496
;(12, 8);1;1497
;(12, 8);1;1498
;(12, 8);1;1499
;(12, 8);1;1500
;(12, 8);1;1501
;(12, 8);1;1502
;(12, 8);1;1503
MoveWest;(11, 8);1;1504
MoveWest;(10, 8);1;1505
;(10, 8);1;1506
MoveNorth;(10, 7);1;1507
;(10, 7);1;1508
;(10, 7);1;1509
;(10, 7);1;1510
;(10, 7);1;1511
;(10, 7);1;1512
;(10, 7);1;1513
;(10, 7);1;1514
;(10, 7);1;1515
;(10, 7);1;1516
;(10, 7);1;1517
MoveNorth;(10, 6);1;1518
;(10, 6);1;1519
;(10, 6);1;1520
;(10, 6);1;1521
;(10, 6);1;1522
MoveNorth;(10, 5);1;1523
;(10, 5);1;1524
;(10, 5);1;1525
;(10, 5);1;1526
GrabObject;(10, 5);1;1527
;(10, 5);1;1528
;(10, 5);1;1529
;(10, 5);1;1530
;(10, 5);1;1531
;(10, 5);1;1532
;(10, 5);1;1533
;(10, 5);1;1534
;(10, 5);1;1535
;(10, 5);1;1536
MoveWest;(9, 5);1;1537
;(9, 5);1;1538
;(9, 5);1;1539
;(9, 5);1;1540
;(9, 5);1;1541
;(9, 5);1;1542
;(9, 5);1;1543
;(9, 5);1;1544
;(9, 5);1;1545
MoveSouth;(9, 6);1;1546
MoveNorth;(9, 5);1;1547
;(9, 5);1;1548
;(9, 5);1;1549
;(9, 5);1;1550
;(9, 5);1;1551
;(9, 5);1;1552
;(9, 5);1;1553
;(9, 5);1;1554
;(9, 5);1;1555
;(9, 5);1;1556
;(9, 5);1;1557
;(9, 5);1;1558
GrabObject;(9, 5);1;1559
;(9, 5);1;1560
;(9, 5);1;1561
;(9, 5);1;1562
;(9, 5);1;1563
;(9, 5);1;1564
;(9, 5);1;1565
;(9, 5);1;1566
GrabObject;(9, 5);1;1567
;(9, 5);1;1568
;(9, 5);1;1569
;(9, 5);1;1570
;(9, 5);1;1571
;(9, 5);1;1572
;(9, 5);1;1573
;(9, 5);1;1574
;(9, 5);1;1575
;(9, 5);1;1576
;(9, 5);1;1577
;(9, 5);1;1578
;(9, 5);1;1579
;(9, 5);1;1580
;(9, 5);1;1581
;(9, 5);1;1582
;(9, 5);1;1583
;(9, 5);1;1584
;(9, 5);1;1585
;(9, 5);1;1586
;(9, 5);1;1587
;(9, 5);1;1588
;(9, 5);1;1589
;(9, 5);1;1590
;(9, 5);1;1591
;(9, 5);1;1592
;(9, 5);1;1593
;(9, 5);1;1594
;(9, 5);1;1595
;(9, 5);1;1596
;(9, 5);1;1597
;(9, 5);1;1598
;(9, 5);1;1599
;(9, 5);1;1600
;(9, 5);1;1601
;(9, 5);1;1602
;(9, 5);1;1603
;(9, 5);1;1604
;(9, 5);1;1605
;(9, 5);1;1606
;(9, 5);1;1607
;(9, 5);1;1608
;(9, 5);1;1609
;(9, 5);1;1610
;(9, 5);1;1611
;(9, 5);1;1612
;(9, 5);1;1613
;(9, 5);1;1614
;(9, 5);1;1615
;(9, 5);1;1616
;(9, 5);1;1617
;(9, 5);1;1618
;(9, 5);1;1619
;(9, 5);1;1620
;(9, 5);1;1621
;(9, 5);1;1622
;(9, 5);1;1623
;(9, 5);1;1624
;(9, 5);1;1625
;(9, 5);1;1626
;(9, 5);1;1627
;(9, 5);1;1628
;(9, 5);1;1629
;(9, 5);1;1630
;(9, 5);1;1631
;(9, 5);1;1632
;(9, 5);1;1633
;(9, 5);1;1634
;(9, 5);1;1635
;(9, 5);1;1636
;(9, 5);1;1637
;(9, 5);1;1638
;(9, 5);1;1639
;(9, 5);1;1640
;(9, 5);1;1641
;(9, 5);1;1642
;(9, 5);1;1643
;(9, 5);1;1644
;(9, 5);1;1645
;(9, 5);1;1646
;(9, 5);1;1647
;(9, 5);1;1648
;(9, 5);1;1649
;(9, 5);1;1650
;(9, 5);1;1651
;(9, 5);1;1652
;(9, 5);1;1653
;(9, 5);1;1654
;(9, 5);1;1655
;(9, 5);1;1656
;(9, 5);1;1657
;(9, 5);1;1658
;(9, 5);1;1659
;(9, 5);1;1660
;(9, 5);1;1661
;(9, 5);1;1662
;(9, 5);1;1663
;(9, 5);1;1664
;(9, 5);1;1665
;(9, 5);1;1666
;(9, 5);1;1667
;(9, 5);1;1668
;(9, 5);1;1669
;(9, 5);1;1670
;(9, 5);1;1671
;(9, 5);1;1672
;(9, 5);1;1673
;(9, 5);1;1674
;(9, 5);1;1675
;(9, 5);1;1676
;(9, 5);1;1677
;(9, 5);1;1678
;(9, 5);1;1679
;(9, 5);1;1680
;(9, 5);1;1681
;(9, 5);1;1682
;(9, 5);1;1683
;(9, 5);1;1684
;(9, 5);1;1685
;(9, 5);1;1686
;(9, 5);1;1687
;(9, 5);1;1688
;(9, 5);1;1689
;(9, 5);1;1690
;(9, 5);1;1691
;(9, 5);1;1692
;(9, 5);1;1693
;(9, 5);1;1694
;(9, 5);1;1695
;(9, 5);1;1696
;(9, 5);1;1697
;(9, 5);1;1698
;(9, 5);1;1699
;(9, 5);1;1700
;(9, 5);1;1701
;(9, 5);1;1702
;(9, 5);1;1703
;(9, 5);1;1704
;(9, 5);1;1705
;(9, 5);1;1706
;(9, 5);1;1707
;(9, 5);1;1708
;(9, 5);1;1709
;(9, 5);1;1710
;(9, 5);1;1711
;(9, 5);1;1712
;(9, 5);1;1713
;(9, 5);1;1714
;(9, 5);1;1715
;(9, 5);1;1716
;(9, 5);1;1717
;(9, 5);1;1718
;(9, 5);1;1719
;(9, 5);1;1720
;(9, 5);1;1721
;(9, 5);1;1722
;(9, 5);1;1723
;(9, 5);1;1724
;(9, 5);1;1725
;(9, 5);1;1726
;(9, 5);1;1727
;(9, 5);1;1728
;(9, 5);1;1729
;(9, 5);1;1730
;(9, 5);1;1731
;(9, 5);1;1732
;(9, 5);1;1733
;(9, 5);1;1734
;(9, 5);1;1735
;(9, 5);1;1736
;(9, 5);1;1737
;(9, 5);1;1738
;(9, 5);1;1739
;(9, 5);1;1740
;(9, 5);1;1741
;(9, 5);1;1742
;(9, 5);1;1743
;(9, 5);1;1744
;(9, 5);1;1745
;(9, 5);1;1746
;(9, 5);1;1747
;(9, 5);1;1748
;(9, 5);1;1749
;(9, 5);1;1750
;(9, 5);1;1751
;(9, 5);1;1752
;(9, 5);1;1753
;(9, 5);1;1754
;(9, 5);1;1755
;(9, 5);1;1756
;(9, 5);1;1757
;(9, 5);1;1758
;(9, 5);1;1759
;(9, 5);1;1760
;(9, 5);1;1761
;(9, 5);1;1762
;(9, 5);1;1763
;(9, 5);1;1764
;(9, 5);1;1765
;(9, 5);1;1766
;(9, 5);1;1767
;(9, 5);1;1768
;(9, 5);1;1769
;(9, 5);1;1770
;(9, 5);1;1771
;(9, 5);1;1772
;(9, 5);1;1773
;(9, 5);1;1774
;(9, 5);1;1775
;(9, 5);1;1776
;(9, 5);1;1777
;(9, 5);1;1778
;(9, 5);1;1779
;(9, 5);1;1780
;(9, 5);1;1781
;(9, 5);1;1782
;(9, 5);1;1783
;(9, 5);1;1784
;(9, 5);1;1785
;(9, 5);1;1786
;(9, 5);1;1787
;(9, 5);1;1788
;(9, 5);1;1789
;(9, 5);1;1790
;(9, 5);1;1791
;(9, 5);1;1792
;(9, 5);1;1793
;(9, 5);1;1794
;(9, 5);1;1795
;(9, 5);1;1796
;(9, 5);1;1797
;(9, 5);1;1798
;(9, 5);1;1799
;(9, 5);1;1800
;(9, 5);1;1801
;(9, 5);1;1802
;(9, 5);1;1803
;(9, 5);1;1804
;(9, 5);1;1805
;(9, 5);1;1806
;(9, 5);1;1807
;(9, 5);1;1808
;(9, 5);1;1809
;(9, 5);1;1810
;(9, 5);1;1811
;(9, 5);1;1812
;(9, 5);1;1813
;(9, 5);1;1814
;(9, 5);1;1815
MoveSouth;(9, 6);1;1816
;(9, 6);1;1817
;(9, 6);1;1818
;(9, 6);1;1819
;(9, 6);1;1820
;(9, 6);1;1821
;(9, 6);1;1822
;(9, 6);1;1823
;(9, 6);1;1824
;(9, 6);1;1825
;(9, 6);1;1826
MoveEast;(10, 6);1;1827
;(10, 6);1;1828
;(10, 6);1;1829
;(10, 6);1;1830
;(10, 6);1;1831
;(10, 6);1;1832
;(10, 6);1;1833
;(10, 6);1;1834
;(10, 6);1;1835
;(10, 6);1;1836
;(10, 6);1;1837
;(10, 6);1;1838
;(10, 6);1;1839
;(10, 6);1;1840
;(10, 6);1;1841
;(10, 6);1;1842
;(10, 6);1;1843
;(10, 6);1;1844
;(10, 6);1;1845
;(10, 6);1;1846
;(10, 6);1;1847
;(10, 6);1;1848
;(10, 6);1;1849
;(10, 6);1;1850
;(10, 6);1;1851
;(10, 6);1;1852
;(10, 6);1;1853
;(10, 6);1;1854
;(10, 6);1;1855
;(10, 6);1;1856
;(10, 6);1;1857
;(10, 6);1;1858
;(10, 6);1;1859
;(10, 6);1;1860
;(10, 6);1;1861
;(10, 6);1;1862
;(10, 6);1;1863
;(10, 6);1;1864
;(10, 6);1;1865
;(10, 6);1;1866
;(10, 6);1;1867
;(10, 6);1;1868
;(10, 6);1;1869
;(10, 6);1;1870
;(10, 6);1;1871
;(10, 6);1;1872
;(10, 6);1;1873
;(10, 6);1;1874
;(10, 6);1;1875
;(10, 6);1;1876
;(10, 6);1;1877
;(10, 6);1;1878
;(10, 6);1;1879
;(10, 6);1;1880
;(10, 6);1;1881
;(10, 6);1;1882
;(10, 6);1;1883
;(10, 6);1;1884
;(10, 6);1;1885
;(10, 6);1;1886
;(10, 6);1;1887
;(10, 6);1;1888
;(10, 6);1;1889
;(10, 6);1;1890
;(10, 6);1;1891
;(10, 6);1;1892
;(10, 6);1;1893
;(10, 6);1;1894
;(10, 6);1;1895
;(10, 6);1;1896
;(10, 6);1;1897
;(10, 6);1;1898
;(10, 6);1;1899
;(10, 6);1;1900
;(10, 6);1;1901
;(10, 6);1;1902
;(10, 6);1;1903
;(10, 6);1;1904
;(10, 6);1;1905
;(10, 6);1;1906
;(10, 6);1;1907
;(10, 6);1;1908
;(10, 6);1;1909
;(10, 6);1;1910
;(10, 6);1;1911
;(10, 6);1;1912
;(10, 6);1;1913
;(10, 6);1;1914
;(10, 6);1;1915
;(10, 6);1;1916
;(10, 6);1;1917
;(10, 6);1;1918
;(10, 6);1;1919
;(10, 6);1;1920
;(10, 6);1;1921
;(10, 6);1;1922
;(10, 6);1;1923
;(10, 6);1;1924
;(10, 6);1;1925
;(10, 6);1;1926
;(10, 6);1;1927
;(10, 6);1;1928
;(10, 6);1;1929
;(10, 6);1;1930
;(10, 6);1;1931
;(10, 6);1;1932
;(10, 6);1;1933
;(10, 6);1;1934
;(10, 6);1;1935
;(10, 6);1;1936
;(10, 6);1;1937
;(10, 6);1;1938
;(10, 6);1;1939
;(10, 6);1;1940
;(10, 6);1;1941
MoveSouth;(10, 7);1;1942
;(10, 7);1;1943
;(10, 7);1;1944
;(10, 7);1;1945
;(10, 7);1;1946
;(10, 7);1;1947
;(10, 7);1;1948
;(10, 7);1;1949
;(10, 7);1;1950
;(10, 7);1;1951
;(10, 7);1;1952
;(10, 7);1;1953
;(10, 7);1;1954
;(10, 7);1;1955
;(10, 7);1;1956
;(10, 7);1;1957
;(10, 7);1;1958
;(10, 7);1;1959
;(10, 7);1;1960
;(10, 7);1;1961
MoveWest;(9, 7);1;1962
;(9, 7);1;1963
;(9, 7);1;1964
;(9, 7);1;1965
;(9, 7);1;1966
;(9, 7);1;1967
;(9, 7);1;1968
;(9, 7);1;1969
;(9, 7);1;1970
;(9, 7);1;1971
;(9, 7);1;1972
;(9, 7);1;1973
;(9, 7);1;1974
MoveSouth;(9, 8);1;1975
;(9, 8);1;1976
;(9, 8);1;1977
;(9, 8);1;1978
;(9, 8);1;1979
;(9, 8);1;1980
;(9, 8);1;1981
MoveWest;(8, 8);1;1982
;(8, 8);1;1983
;(8, 8);1;1984
;(8, 8);1;1985
;(8, 8);1;1986
;(8, 8);1;1987
;(8, 8);1;1988
;(8, 8);1;1989
;(8, 8);1;1990
DropObject;(8, 8);1;1991
;(8, 8);1;1992
;(8, 8);1;1993
;(8, 8);1;1994
;(8, 8);1;1995
;(8, 8);1;1996
;(8, 8);1;1997
;(8, 8);1;1998
;(8, 8);1;1999
;(8, 8);1;2000
GrabObject;(8, 8);1;2001
;(8, 8);1;2002
;(8, 8);1;2003
;(8, 8);1;2004
;(8, 8);1;2005
;(8, 8);1;2006
;(8, 8);1;2007
;(8, 8);1;2008
;(8, 8);1;2009
MoveWest;(7, 8);1;2010
;(7, 8);1;2011
;(7, 8);1;2012
;(7, 8);1;2013
DropObject;(7, 8);1;2014
;(7, 8);1;2015
;(7, 8);1;2016
;(7, 8);1;2017
;(7, 8);1;2018
;(7, 8);1;2019
;(7, 8);1;2020
;(7, 8);1;2021
;(7, 8);1;2022
;(7, 8);1;2023
;(7, 8);1;2024
;(7, 8);1;2025
;(7, 8);1;2026
;(7, 8);1;2027
;(7, 8);1;2028
;(7, 8);1;2029
;(7, 8);1;2030
MoveSouth;(7, 9);1;2031
;(7, 9);1;2032
GrabObject;(7, 9);1;2033
;(7, 9);1;2034
;(7, 9);1;2035
;(7, 9);1;2036
;(7, 9);1;2037
;(7, 9);1;2038
;(7, 9);1;2039
;(7, 9);1;2040
;(7, 9);1;2041
;(7, 9);1;2042
;(7, 9);1;2043
;(7, 9);1;2044
MoveWest;(6, 9);1;2045
;(6, 9);1;2046
;(6, 9);1;2047
;(6, 9);1;2048
;(6, 9);1;2049
;(6, 9);1;2050
;(6, 9);1;2051
;(6, 9);1;2052
;(6, 9);1;2053
MoveWest;(5, 9);1;2054
MoveWest;(4, 9);1;2055
DropObject;(4, 9);1;2056
;(4, 9);1;2057
;(4, 9);1;2058
;(4, 9);1;2059
;(4, 9);1;2060
;(4, 9);1;2061
;(4, 9);1;2062
;(4, 9);1;2063
;(4, 9);1;2064
;(4, 9);1;2065
;(4, 9);1;2066
;(4, 9);1;2067
;(4, 9);1;2068
MoveEast;(5, 9);1;2069
;(5, 9);1;2070
;(5, 9);1;2071
;(5, 9);1;2072
;(5, 9);1;2073
;(5, 9);1;2074
;(5, 9);1;2075
;(5, 9);1;2076
;(5, 9);1;2077
;(5, 9);1;2078
MoveEast;(6, 9);1;2079
MoveEast;(7, 9);1;2080
MoveEast;(8, 9);1;2081
MoveEast;(9, 9);1;2082
;(9, 9);1;2083
;(9, 9);1;2084
;(9, 9);1;2085
;(9, 9);1;2086
;(9, 9);1;2087
;(9, 9);1;2088
;(9, 9);1;2089
;(9, 9);1;2090
;(9, 9);1;2091
;(9, 9);1;2092
;(9, 9);1;2093
MoveWest;(8, 9);1;2094
;(8, 9);1;2095
;(8, 9);1;2096
;(8, 9);1;2097
;(8, 9);1;2098
;(8, 9);1;2099
MoveWest;(7, 9);1;2100
;(7, 9);1;2101
;(7, 9);1;2102
;(7, 9);1;2103
;(7, 9);1;2104
;(7, 9);1;2105
;(7, 9);1;2106
;(7, 9);1;2107
GrabObject;(7, 9);1;2108
;(7, 9);1;2109
;(7, 9);1;2110
;(7, 9);1;2111
;(7, 9);1;2112
;(7, 9);1;2113
;(7, 9);1;2114
;(7, 9);1;2115
;(7, 9);1;2116
;(7, 9);1;2117
;(7, 9);1;2118
;(7, 9);1;2119
;(7, 9);1;2120
;(7, 9);1;2121
;(7, 9);1;2122
GrabObject;(7, 9);1;2123
;(7, 9);1;2124
;(7, 9);1;2125
;(7, 9);1;2126
;(7, 9);1;2127
GrabObject;(7, 9);1;2128
;(7, 9);1;2129
;(7, 9);1;2130
;(7, 9);1;2131
;(7, 9);1;2132
;(7, 9);1;2133
;(7, 9);1;2134
MoveEast;(8, 9);1;2135
;(8, 9);1;2136
;(8, 9);1;2137
;(8, 9);1;2138
;(8, 9);1;2139
;(8, 9);1;2140
;(8, 9);1;2141
;(8, 9);1;2142
;(8, 9);1;2143
;(8, 9);1;2144
MoveEast;(9, 9);1;2145
MoveEast;(10, 9);1;2146
MoveEast;(11, 9);1;2147
;(11, 9);1;2148
;(11, 9);1;2149
;(11, 9);1;2150
;(11, 9);1;2151
;(11, 9);1;2152
;(11, 9);1;2153
;(11, 9);1;2154
;(11, 9);1;2155
;(11, 9);1;2156
;(11, 9);1;2157
;(11, 9);1;2158
;(11, 9);1;2159
;(11, 9);1;2160
;(11, 9);1;2161
;(11, 9);1;2162
MoveEast;(12, 9);1;2163
;(12, 9);1;2164
;(12, 9);1;2165
;(12, 9);1;2166
;(12, 9);1;2167
;(12, 9);1;2168
;(12, 9);1;2169
;(12, 9);1;2170
;(12, 9);1;2171
;(12, 9);1;2172
;(12, 9);1;2173
;(12, 9);1;2174
MoveEast;(13, 9);1;2175
;(13, 9);1;2176
;(13, 9);1;2177
;(13, 9);1;2178
;(13, 9);1;2179
MoveSouth;(13, 10);1;2180
;(13, 10);1;2181
;(13, 10);1;2182
;(13, 10);1;2183
;(13, 10);1;2184
;(13, 10);1;2185
;(13, 10);1;2186
;(13, 10);1;2187
;(13, 10);1;2188
GrabObject;(13, 10);1;2189
;(13, 10);1;2190
;(13, 10);1;2191
;(13, 10);1;2192
;(13, 10);1;2193
;(13, 10);1;2194
;(13, 10);1;2195
;(13, 10);1;2196
MoveWest;(12, 10);1;2197
;(12, 10);1;2198
;(12, 10);1;2199
;(12, 10);1;2200
;(12, 10);1;2201
;(12, 10);1;2202
;(12, 10);1;2203
;(12, 10);1;2204
MoveWest;(11, 10);1;2205
;(11, 10);1;2206
;(11, 10);1;2207
;(11, 10);1;2208
;(11, 10);1;2209
;(11, 10);1;2210
;(11, 10);1;2211
;(11, 10);1;2212
;(11, 10);1;2213
;(11, 10);1;2214
MoveWest;(10, 10);1;2215
MoveWest;(9, 10);1;2216
MoveWest;(8, 10);1;2217
MoveWest;(7, 10);1;2218
MoveWest;(6, 10);1;2219
MoveWest;(5, 10);1;2220
MoveWest;(4, 10);1;2221
;(4, 10);1;2222
;(4, 10);1;2223
;(4, 10);1;2224
DropObject;(4, 10);1;2225
;(4, 10);1;2226
;(4, 10);1;2227
;(4, 10);1;2228
;(4, 10);1;2229
;(4, 10);1;2230
;(4, 10);1;2231
;(4, 10);1;2232
;(4, 10);1;2233
;(4, 10);1;2234
;(4, 10);1;2235
;(4, 10);1;2236
;(4, 10);1;2237
;(4, 10);1;2238
;(4, 10);1;2239
;(4, 10);1;2240
;(4, 10);1;2241
;(4, 10);1;2242
;(4, 10);1;2243
;(4, 10);1;2244
;(4, 10);1;2245
;(4, 10);1;2246
;(4, 10);1;2247
;(4, 10);1;2248
;(4, 10);1;2249
;(4, 10);1;2250
;(4, 10);1;2251
;(4, 10);1;2252
;(4, 10);1;2253
;(4, 10);1;2254
;(4, 10);1;2255
;(4, 10);1;2256
;(4, 10);1;2257
;(4, 10);1;2258
;(4, 10);1;2259
;(4, 10);1;2260
;(4, 10);1;2261
;(4, 10);1;2262
;(4, 10);1;2263
;(4, 10);1;2264
;(4, 10);1;2265
;(4, 10);1;2266
;(4, 10);1;2267
;(4, 10);1;2268
;(4, 10);1;2269
;(4, 10);1;2270
;(4, 10);1;2271
;(4, 10);1;2272
;(4, 10);1;2273
;(4, 10);1;2274
;(4, 10);1;2275
;(4, 10);1;2276
;(4, 10);1;2277
;(4, 10);1;2278
;(4, 10);1;2279
;(4, 10);1;2280
;(4, 10);1;2281
;(4, 10);1;2282
;(4, 10);1;2283
;(4, 10);1;2284
;(4, 10);1;2285
;(4, 10);1;2286
;(4, 10);1;2287
;(4, 10);1;2288
;(4, 10);1;2289
;(4, 10);1;2290
;(4, 10);1;2291
;(4, 10);1;2292
;(4, 10);1;2293
;(4, 10);1;2294
;(4, 10);1;2295
;(4, 10);1;2296
;(4, 10);1;2297
;(4, 10);1;2298
;(4, 10);1;2299
;(4, 10);1;2300
;(4, 10);1;2301
;(4, 10);1;2302
;(4, 10);1;2303
;(4, 10);1;2304
;(4, 10);1;2305
;(4, 10);1;2306
;(4, 10);1;2307
;(4, 10);1;2308
;(4, 10);1;2309
;(4, 10);1;2310
;(4, 10);1;2311
;(4, 10);1;2312
;(4, 10);1;2313
;(4, 10);1;2314
;(4, 10);1;2315
;(4, 10);1;2316
;(4, 10);1;2317
;(4, 10);1;2318
;(4, 10);1;2319
;(4, 10);1;2320
;(4, 10);1;2321
;(4, 10);1;2322
;(4, 10);1;2323
;(4, 10);1;2324
;(4, 10);1;2325
;(4, 10);1;2326
;(4, 10);1;2327
;(4, 10);1;2328
;(4, 10);1;2329
;(4, 10);1;2330
;(4, 10);1;2331
;(4, 10);1;2332
;(4, 10);1;2333
;(4, 10);1;2334
;(4, 10);1;2335
;(4, 10);1;2336
;(4, 10);1;2337
;(4, 10);1;2338
;(4, 10);1;2339
;(4, 10);1;2340
;(4, 10);1;2341
;(4, 10);1;2342
;(4, 10);1;2343
;(4, 10);1;2344
;(4, 10);1;2345
;(4, 10);1;2346
;(4, 10);1;2347
;(4, 10);1;2348
;(4, 10);1;2349
;(4, 10);1;2350
;(4, 10);1;2351
;(4, 10);1;2352
;(4, 10);1;2353
;(4, 10);1;2354
;(4, 10);1;2355
;(4, 10);1;2356
;(4, 10);1;2357
;(4, 10);1;2358
;(4, 10);1;2359
;(4, 10);1;2360
;(4, 10);1;2361
;(4, 10);1;2362
;(4, 10);1;2363
;(4, 10);1;2364
;(4, 10);1;2365
;(4, 10);1;2366
;(4, 10);1;2367
;(4, 10);1;2368
;(4, 10);1;2369
;(4, 10);1;2370
;(4, 10);1;2371
;(4, 10);1;2372
;(4, 10);1;2373
;(4, 10);1;2374
;(4, 10);1;2375
;(4, 10);1;2376
;(4, 10);1;2377
;(4, 10);1;2378
;(4, 10);1;2379
;(4, 10);1;2380
;(4, 10);1;2381
;(4, 10);1;2382
;(4, 10);1;2383
;(4, 10);1;2384
;(4, 10);1;2385
;(4, 10);1;2386
;(4, 10);1;2387
;(4, 10);1;2388
;(4, 10);1;2389
;(4, 10);1;2390
;(4, 10);1;2391
;(4, 10);1;2392
;(4, 10);1;2393
;(4, 10);1;2394
;(4, 10);1;2395
;(4, 10);1;2396
;(4, 10);1;2397
;(4, 10);1;2398
;(4, 10);1;2399
;(4, 10);1;2400
;(4, 10);1;2401
;(4, 10);1;2402
;(4, 10);1;2403
;(4, 10);1;2404
;(4, 10);1;2405
;(4, 10);1;2406
;(4, 10);1;2407
;(4, 10);1;2408
;(4, 10);1;2409
;(4, 10);1;2410
;(4, 10);1;2411
;(4, 10);1;2412
;(4, 10);1;2413
;(4, 10);1;2414
;(4, 10);1;2415
;(4, 10);1;2416
;(4, 10);1;2417
;(4, 10);1;2418
;(4, 10);1;2419
;(4, 10);1;2420
;(4, 10);1;2421
;(4, 10);1;2422
;(4, 10);1;2423
;(4, 10);1;2424
;(4, 10);1;2425
;(4, 10);1;2426
;(4, 10);1;2427
;(4, 10);1;2428
;(4, 10);1;2429
;(4, 10);1;2430
;(4, 10);1;2431
;(4, 10);1;2432
;(4, 10);1;2433
;(4, 10);1;2434
;(4, 10);1;2435
;(4, 10);1;2436
;(4, 10);1;2437
;(4, 10);1;2438
;(4, 10);1;2439
;(4, 10);1;2440
;(4, 10);1;2441
;(4, 10);1;2442
;(4, 10);1;2443
;(4, 10);1;2444
;(4, 10);1;2445
;(4, 10);1;2446
;(4, 10);1;2447
;(4, 10);1;2448
;(4, 10);1;2449
;(4, 10);1;2450
;(4, 10);1;2451
;(4, 10);1;2452
;(4, 10);1;2453
;(4, 10);1;2454
;(4, 10);1;2455
;(4, 10);1;2456
;(4, 10);1;2457
;(4, 10);1;2458
;(4, 10);1;2459
;(4, 10);1;2460
;(4, 10);1;2461
;(4, 10);1;2462
;(4, 10);1;2463
;(4, 10);1;2464
;(4, 10);1;2465
;(4, 10);1;2466
;(4, 10);1;2467
;(4, 10);1;2468
;(4, 10);1;2469
;(4, 10);1;2470
;(4, 10);1;2471
;(4, 10);1;2472
;(4, 10);1;2473
;(4, 10);1;2474
;(4, 10);1;2475
;(4, 10);1;2476
;(4, 10);1;2477
;(4, 10);1;2478
;(4, 10);1;2479
;(4, 10);1;2480
;(4, 10);1;2481
;(4, 10);1;2482
;(4, 10);1;2483
;(4, 10);1;2484
;(4, 10);1;2485
;(4, 10);1;2486
;(4, 10);1;2487
;(4, 10);1;2488
;(4, 10);1;2489
;(4, 10);1;2490
;(4, 10);1;2491
;(4, 10);1;2492
;(4, 10);1;2493
;(4, 10);1;2494
;(4, 10);1;2495
;(4, 10);1;2496
;(4, 10);1;2497
;(4, 10);1;2498
;(4, 10);1;2499
;(4, 10);1;2500
;(4, 10);1;2501
;(4, 10);1;2502
;(4, 10);1;2503
;(4, 10);1;2504
;(4, 10);1;2505
;(4, 10);1;2506
;(4, 10);1;2507
;(4, 10);1;2508
;(4, 10);1;2509
;(4, 10);1;2510
;(4, 10);1;2511
;(4, 10);1;2512
;(4, 10);1;2513
;(4, 10);1;2514
;(4, 10);1;2515
;(4, 10);1;2516
;(4, 10);1;2517
;(4, 10);1;2518
;(4, 10);1;2519
;(4, 10);1;2520
;(4, 10);1;2521
;(4, 10);1;2522
;(4, 10);1;2523
;(4, 10);1;2524
;(4, 10);1;2525
;(4, 10);1;2526
;(4, 10);1;2527
;(4, 10);1;2528
;(4, 10);1;2529
;(4, 10);1;2530
;(4, 10);1;2531
;(4, 10);1;2532
;(4, 10);1;2533
;(4, 10);1;2534
;(4, 10);1;2535
;(4, 10);1;2536
;(4, 10);1;2537
;(4, 10);1;2538
;(4, 10);1;2539
;(4, 10);1;2540
;(4, 10);1;2541
;(4, 10);1;2542
;(4, 10);1;2543
;(4, 10);1;2544
;(4, 10);1;2545
;(4, 10);1;2546
;(4, 10);1;2547
;(4, 10);1;2548
;(4, 10);1;2549
;(4, 10);1;2550
;(4, 10);1;2551
;(4, 10);1;2552
;(4, 10);1;2553
;(4, 10);1;2554
;(4, 10);1;2555
;(4, 10);1;2556
;(4, 10);1;2557
;(4, 10);1;2558
;(4, 10);1;2559
;(4, 10);1;2560
;(4, 10);1;2561
;(4, 10);1;2562
;(4, 10);1;2563
;(4, 10);1;2564
;(4, 10);1;2565
;(4, 10);1;2566
;(4, 10);1;2567
;(4, 10);1;2568
;(4, 10);1;2569
;(4, 10);1;2570
;(4, 10);1;2571
;(4, 10);1;2572
;(4, 10);1;2573
;(4, 10);1;2574
;(4, 10);1;2575
;(4, 10);1;2576
;(4, 10);1;2577
;(4, 10);1;2578
;(4, 10);1;2579
;(4, 10);1;2580
;(4, 10);1;2581
;(4, 10);1;2582
;(4, 10);1;2583
;(4, 10);1;2584
;(4, 10);1;2585
;(4, 10);1;2586
;(4, 10);1;2587
;(4, 10);1;2588
;(4, 10);1;2589
;(4, 10);1;2590
;(4, 10);1;2591
;(4, 10);1;2592
;(4, 10);1;2593
;(4, 10);1;2594
;(4, 10);1;2595
;(4, 10);1;2596
;(4, 10);1;2597
;(4, 10);1;2598
;(4, 10);1;2599
;(4, 10);1;2600
;(4, 10);1;2601
;(4, 10);1;2602
;(4, 10);1;2603
;(4, 10);1;2604
;(4, 10);1;2605
;(4, 10);1;2606
;(4, 10);1;2607
;(4, 10);1;2608
;(4, 10);1;2609
;(4, 10);1;2610
;(4, 10);1;2611
;(4, 10);1;2612
;(4, 10);1;2613
;(4, 10);1;2614
;(4, 10);1;2615
;(4, 10);1;2616
;(4, 10);1;2617
;(4, 10);1;2618
;(4, 10);1;2619
;(4, 10);1;2620
;(4, 10);1;2621
;(4, 10);1;2622
;(4, 10);1;2623
;(4, 10);1;2624
;(4, 10);1;2625
;(4, 10);1;2626
;(4, 10);1;2627
;(4, 10);1;2628
;(4, 10);1;2629
;(4, 10);1;2630
;(4, 10);1;2631
;(4, 10);1;2632
;(4, 10);1;2633
;(4, 10);1;2634
;(4, 10);1;2635
;(4, 10);1;2636
;(4, 10);1;2637
;(4, 10);1;2638
;(4, 10);1;2639
;(4, 10);1;2640
;(4, 10);1;2641
;(4, 10);1;2642
;(4, 10);1;2643
;(4, 10);1;2644
;(4, 10);1;2645
;(4, 10);1;2646
;(4, 10);1;2647
;(4, 10);1;2648
;(4, 10);1;2649
;(4, 10);1;2650
;(4, 10);1;2651
;(4, 10);1;2652
;(4, 10);1;2653
;(4, 10);1;2654
;(4, 10);1;2655
;(4, 10);1;2656
;(4, 10);1;2657
;(4, 10);1;2658
;(4, 10);1;2659
;(4, 10);1;2660
;(4, 10);1;2661
;(4, 10);1;2662
;(4, 10);1;2663
;(4, 10);1;2664
;(4, 10);1;2665
;(4, 10);1;2666
;(4, 10);1;2667
;(4, 10);1;2668
;(4, 10);1;2669
;(4, 10);1;2670
;(4, 10);1;2671
;(4, 10);1;2672
;(4, 10);1;2673
;(4, 10);1;2674
;(4, 10);1;2675
;(4, 10);1;2676
;(4, 10);1;2677
;(4, 10);1;2678
;(4, 10);1;2679
;(4, 10);1;2680
;(4, 10);1;2681
;(4, 10);1;2682
;(4, 10);1;2683
;(4, 10);1;2684
;(4, 10);1;2685
;(4, 10);1;2686
;(4, 10);1;2687
;(4, 10);1;2688
;(4, 10);1;2689
;(4, 10);1;2690
;(4, 10);1;2691
;(4, 10);1;2692
;(4, 10);1;2693
;(4, 10);1;2694
;(4, 10);1;2695
;(4, 10);1;2696
;(4, 10);1;2697
;(4, 10);1;2698
;(4, 10);1;2699
;(4, 10);1;2700
;(4, 10);1;2701
;(4, 10);1;2702
;(4, 10);1;2703
;(4, 10);1;2704
;(4, 10);1;2705
;(4, 10);1;2706
;(4, 10);1;2707
;(4, 10);1;2708
;(4, 10);1;2709
;(4, 10);1;2710
;(4, 10);1;2711
;(4, 10);1;2712
;(4, 10);1;2713
;(4, 10);1;2714
;(4, 10);1;2715
;(4, 10);1;2716
;(4, 10);1;2717
;(4, 10);1;2718
;(4, 10);1;2719
;(4, 10);1;2720
;(4, 10);1;2721
;(4, 10);1;2722
;(4, 10);1;2723
;(4, 10);1;2724
;(4, 10);1;2725
;(4, 10);1;2726
;(4, 10);1;2727
;(4, 10);1;2728
;(4, 10);1;2729
;(4, 10);1;2730
;(4, 10);1;2731
;(4, 10);1;2732
;(4, 10);1;2733
;(4, 10);1;2734
;(4, 10);1;2735
;(4, 10);1;2736
;(4, 10);1;2737
;(4, 10);1;2738
;(4, 10);1;2739
;(4, 10);1;2740
;(4, 10);1;2741
;(4, 10);1;2742
;(4, 10);1;2743
;(4, 10);1;2744
;(4, 10);1;2745
;(4, 10);1;2746
;(4, 10);1;2747
;(4, 10);1;2748
;(4, 10);1;2749
;(4, 10);1;2750
;(4, 10);1;2751
;(4, 10);1;2752
;(4, 10);1;2753
;(4, 10);1;2754
;(4, 10);1;2755
;(4, 10);1;2756
;(4, 10);1;2757
;(4, 10);1;2758
;(4, 10);1;2759
;(4, 10);1;2760
;(4, 10);1;2761
;(4, 10);1;2762
;(4, 10);1;2763
;(4, 10);1;2764
;(4, 10);1;2765
;(4, 10);1;2766
;(4, 10);1;2767
;(4, 10);1;2768
;(4, 10);1;2769
;(4, 10);1;2770
;(4, 10);1;2771
;(4, 10);1;2772
;(4, 10);1;2773
;(4, 10);1;2774
;(4, 10);1;2775
;(4, 10);1;2776
;(4, 10);1;2777
;(4, 10);1;2778
;(4, 10);1;2779
;(4, 10);1;2780
;(4, 10);1;2781
;(4, 10);1;2782
;(4, 10);1;2783
;(4, 10);1;2784
;(4, 10);1;2785
;(4, 10);1;2786
;(4, 10);1;2787
;(4, 10);1;2788
;(4, 10);1;2789
;(4, 10);1;2790
;(4, 10);1;2791
;(4, 10);1;2792
;(4, 10);1;2793
;(4, 10);1;2794
;(4, 10);1;2795
;(4, 10);1;2796
;(4, 10);1;2797
;(4, 10);1;2798
;(4, 10);1;2799
;(4, 10);1;2800
;(4, 10);1;2801
;(4, 10);1;2802
;(4, 10);1;2803
;(4, 10);1;2804
;(4, 10);1;2805
;(4, 10);1;2806
;(4, 10);1;2807
;(4, 10);1;2808
;(4, 10);1;2809
;(4, 10);1;2810
;(4, 10);1;2811
;(4, 10);1;2812
;(4, 10);1;2813
;(4, 10);1;2814
;(4, 10);1;2815
;(4, 10);1;2816
;(4, 10);1;2817
;(4, 10);1;2818
;(4, 10);1;2819
;(4, 10);1;2820
;(4, 10);1;2821
;(4, 10);1;2822
;(4, 10);1;2823
;(4, 10);1;2824
;(4, 10);1;2825
;(4, 10);1;2826
;(4, 10);1;2827
;(4, 10);1;2828
;(4, 10);1;2829
;(4, 10);1;2830
;(4, 10);1;2831
;(4, 10);1;2832
;(4, 10);1;2833
;(4, 10);1;2834
;(4, 10);1;2835
;(4, 10);1;2836
;(4, 10);1;2837
;(4, 10);1;2838
;(4, 10);1;2839
;(4, 10);1;2840
;(4, 10);1;2841
;(4, 10);1;2842
;(4, 10);1;2843
;(4, 10);1;2844
;(4, 10);1;2845
;(4, 10);1;2846
;(4, 10);1;2847
;(4, 10);1;2848
;(4, 10);1;2849
;(4, 10);1;2850
;(4, 10);1;2851
;(4, 10);1;2852
;(4, 10);1;2853
;(4, 10);1;2854
;(4, 10);1;2855
;(4, 10);1;2856
;(4, 10);1;2857
;(4, 10);1;2858
;(4, 10);1;2859
;(4, 10);1;2860
;(4, 10);1;2861
;(4, 10);1;2862
;(4, 10);1;2863
;(4, 10);1;2864
;(4, 10);1;2865
;(4, 10);1;2866
;(4, 10);1;2867
;(4, 10);1;2868
;(4, 10);1;2869
;(4, 10);1;2870
;(4, 10);1;2871
;(4, 10);1;2872
;(4, 10);1;2873
;(4, 10);1;2874
;(4, 10);1;2875
;(4, 10);1;2876
;(4, 10);1;2877
;(4, 10);1;2878
;(4, 10);1;2879
;(4, 10);1;2880
;(4, 10);1;2881
;(4, 10);1;2882
;(4, 10);1;2883
;(4, 10);1;2884
;(4, 10);1;2885
;(4, 10);1;2886
;(4, 10);1;2887
;(4, 10);1;2888
;(4, 10);1;2889
;(4, 10);1;2890
;(4, 10);1;2891
;(4, 10);1;2892
;(4, 10);1;2893
;(4, 10);1;2894
;(4, 10);1;2895
;(4, 10);1;2896
;(4, 10);1;2897
;(4, 10);1;2898
;(4, 10);1;2899
;(4, 10);1;2900
;(4, 10);1;2901
;(4, 10);1;2902
;(4, 10);1;2903
;(4, 10);1;2904
;(4, 10);1;2905
;(4, 10);1;2906
;(4, 10);1;2907
;(4, 10);1;2908
;(4, 10);1;2909
;(4, 10);1;2910
;(4, 10);1;2911
;(4, 10);1;2912
;(4, 10);1;2913
;(4, 10);1;2914
;(4, 10);1;2915
;(4, 10);1;2916
;(4, 10);1;2917
;(4, 10);1;2918
;(4, 10);1;2919
;(4, 10);1;2920
;(4, 10);1;2921
;(4, 10);1;2922
;(4, 10);1;2923
;(4, 10);1;2924
;(4, 10);1;2925
;(4, 10);1;2926
;(4, 10);1;2927
;(4, 10);1;2928
;(4, 10);1;2929
;(4, 10);1;2930
;(4, 10);1;2931
;(4, 10);1;2932
;(4, 10);1;2933
;(4, 10);1;2934
;(4, 10);1;2935
;(4, 10);1;2936
;(4, 10);1;2937
;(4, 10);1;2938
;(4, 10);1;2939
;(4, 10);1;2940
;(4, 10);1;2941
;(4, 10);1;2942
;(4, 10);1;2943
;(4, 10);1;2944
;(4, 10);1;2945
;(4, 10);1;2946
;(4, 10);1;2947
;(4, 10);1;2948
;(4, 10);1;2949
;(4, 10);1;2950
;(4, 10);1;2951
;(4, 10);1;2952
;(4, 10);1;2953
;(4, 10);1;2954
;(4, 10);1;2955
;(4, 10);1;2956
;(4, 10);1;2957
;(4, 10);1;2958
;(4, 10);1;2959
;(4, 10);1;2960
;(4, 10);1;2961
;(4, 10);1;2962
;(4, 10);1;2963
;(4, 10);1;2964
;(4, 10);1;2965
;(4, 10);1;2966
;(4, 10);1;2967
;(4, 10);1;2968
;(4, 10);1;2969
;(4, 10);1;2970
;(4, 10);1;2971
;(4, 10);1;2972
;(4, 10);1;2973
;(4, 10);1;2974
;(4, 10);1;2975
;(4, 10);1;2976
;(4, 10);1;2977
;(4, 10);1;2978
;(4, 10);1;2979
;(4, 10);1;2980
;(4, 10);1;2981
;(4, 10);1;2982
;(4, 10);1;2983
;(4, 10);1;2984
;(4, 10);1;2985
;(4, 10);1;2986
;(4, 10);1;2987
;(4, 10);1;2988
;(4, 10);1;2989
;(4, 10);1;2990
;(4, 10);1;2991
;(4, 10);1;2992
;(4, 10);1;2993
;(4, 10);1;2994
;(4, 10);1;2995
;(4, 10);1;2996
;(4, 10);1;2997
;(4, 10);1;2998
;(4, 10);1;2999
;(4, 10);1;3000
;(4, 10);1;3001
;(4, 10);1;3002
;(4, 10);1;3003
;(4, 10);1;3004
;(4, 10);1;3005
;(4, 10);1;3006
;(4, 10);1;3007
;(4, 10);1;3008
;(4, 10);1;3009
;(4, 10);1;3010
;(4, 10);1;3011
;(4, 10);1;3012
;(4, 10);1;3013
;(4, 10);1;3014
;(4, 10);1;3015
;(4, 10);1;3016
;(4, 10);1;3017
;(4, 10);1;3018
;(4, 10);1;3019
